! Solving for graph /home/truongxuanhieu/CPLEX-CP-for-MinSpanLabeling/benchmarks/abp/U-662_bus.mtx.rnd
! Target value is set to 165
! Lower bound is set to 166
! Upper bound is set to 496
! Time limit is set to 1800
! Vertices mode is set to No hole
! Target value mode is set to Antibandwidth
 ! --------------------------------------------------- CP Optimizer 22.2.0.0 --
 ! Minimization problem - 663 variables, 1899 constraints, 1 phase
 ! Presolve      : 496 extractables eliminated, 1 constraint generated
 ! TimeLimit            = 1800
 ! LogVerbosity         = Terse
 ! Initial process time : 0.08s (0.08s extraction + 0.00s propagation)
 !  . Log search space  : 5935.0 (before), 5935.0 (after)
 !  . Memory usage      : 1.4 MB (before), 1.4 MB (after)
 ! Using parallel search with 8 workers.
 ! ----------------------------------------------------------------------------
 !          Best Branches  Non-fixed    W       Branch decision
                        0        663                 -
 + New bound is 166
                        0        663    1            -
 + New bound is 329
                        0        663    1   F        -
 + New bound is 330
 *           496     9076  2.07s        6      (gap is 33.47%)
             496     275k        662    1            -
 + New bound is 496 (gap is 0.00%)
 ! ----------------------------------------------------------------------------
 ! Search completed, 1 solution found.
 ! Best objective         : 496 (optimal - effective tol. is 0)
 ! Best bound             : 496
 ! ----------------------------------------------------------------------------
 ! Number of branches     : 1994376
 ! Number of fails        : 822720
 ! Total memory usage     : 134.8 MB (130.9 MB CP Optimizer + 3.9 MB Concert)
 ! Time spent in solve    : 65.39s (65.32s engine + 0.08s extraction)
 ! Search speed (br. / s) : 30537.1
 ! ----------------------------------------------------------------------------
! --------------------------------------------------------
! Best span = 496
! Labeling: 395 407 101 52 488 208 490 258 386 166 27 236 190 254 1 13 67 434 1 480 331 224 1 398 1 33 1 477 70 156 470 344 166 321 166 164 455 1 357 430 1 97 415 1 148 1 392 307 81 299 441 1 429 296 304 166 167 136 131 250 494 341 446 1 379 331 14 397 412 449 485 166 1 358 268 360 448 1 257 166 413 479 166 127 311 166 300 370 265 496 113 19 122 1 134 104 114 1 388 383 1 166 389 102 1 31 438 294 1 4 453 166 456 436 420 465 1 336 124 1 316 339 1 246 105 166 274 161 440 1 238 1 1 425 282 367 408 140 158 1 21 1 331 11 135 123 352 462 263 217 82 179 331 12 175 417 211 191 103 445 1 166 57 396 1 74 1 377 241 476 45 237 496 331 29 313 166 400 356 260 6 16 43 361 165 478 95 166 289 37 323 166 401 215 302 139 481 279 132 1 115 414 89 290 185 329 166 416 138 271 365 40 364 266 1 1 427 461 409 1 166 385 153 270 56 203 491 24 34 310 380 350 23 373 320 172 152 145 376 273 286 245 1 362 107 144 1 35 293 79 85 1 451 187 129 166 475 331 460 308 78 311 375 3 111 18 317 166 1 331 347 15 331 83 227 106 345 77 171 399 163 256 84 166 482 1 75 166 231 1 483 137 431 54 8 346 348 61 133 219 9 328 421 403 322 223 226 435 1 234 200 198 292 201 194 331 177 209 120 50 447 197 1 442 1 180 30 1 205 331 214 1 476 87 168 331 366 166 1 343 340 410 112 166 193 66 387 166 189 1 53 1 486 466 1 496 1 1 98 1 141 493 1 1 184 76 487 119 235 155 252 314 166 368 1 331 291 126 1 5 331 439 1 166 1 492 183 372 267 468 424 1 202 354 159 225 426 166 170 26 195 212 72 176 166 419 41 39 60 326 1 1 333 71 1 242 49 130 166 262 1 93 128 1 199 301 166 228 173 459 1 1 1 174 1 63 47 1 17 327 411 305 118 283 315 318 349 463 116 1 46 1 334 391 331 381 88 384 276 25 166 288 239 1 218 204 359 222 284 166 1 186 32 287 450 331 452 281 393 337 332 1 233 394 406 69 303 232 353 338 1 472 99 423 489 443 469 276 86 80 196 166 1 378 1 312 213 272 306 169 38 276 1 1 216 94 458 243 355 192 298 269 1 188 464 2 230 1 22 1 210 166 149 10 51 7 181 166 264 363 280 59 390 276 108 157 247 402 405 1 150 44 382 261 162 182 295 351 474 454 484 404 495 36 20 255 1 220 58 166 1 96 422 166 457 240 342 309 1 206 418 91 166 62 278 92 178 471 1 1 28 259 142 369 166 110 331 437 229 331 325 432 143 1 297 319 331 1 335 433 154 109 324 68 473 1 1 1 1 253 331 330 248 1 65 467 121 428 1 277 166 146 151 1 374 125 166 48 249 1 160 147 42 221 285 55 100 275 64 1 1 371 444 90 251 207 1 166 117 73 331 244 
! -------------------------------------------------------- 
