! Solving for graph /home/truongxuanhieu/CPLEX-CP-for-MinSpanLabeling/benchmarks/cabp/R-dwt__503.mtx.rnd
! Target value is set to 93
! Lower bound is set to 94
! Upper bound is set to 755
! Time limit is set to 1800
! Vertices mode is set to Has hole
! Target value mode is set to Cyclic
 ! --------------------------------------------------- CP Optimizer 22.2.0.0 --
 ! Minimization problem - 504 variables, 2764 constraints, 1 phase
 ! TimeLimit            = 1800
 ! LogVerbosity         = Terse
 ! Initial process time : 0.06s (0.06s extraction + 0.00s propagation)
 !  . Log search space  : 4817.0 (before), 4817.0 (after)
 !  . Memory usage      : 5.1 MB (before), 5.1 MB (after)
 ! Using parallel search with 8 workers.
 ! ----------------------------------------------------------------------------
 !          Best Branches  Non-fixed    W       Branch decision
                        0        504                 -
 + New bound is 186
                      186        503    1   F    93 != _int453
 + New bound is 187
 *           744      749  0.24s        2      (gap is 74.87%)
             744     148k        499    7   F     9 != _int284
 + New bound is 196 (gap is 73.66%)
             744     229k        129    2   F    10 != _int477
 + New bound is 197 (gap is 73.52%)
             744     272k        163    1   F    11 != _int324
 + New bound is 198 (gap is 73.39%)
 ! ----------------------------------------------------------------------------
 ! Search terminated by limit, 1 solution found.
 ! Best objective         : 744 (gap is 73.39%)
 ! Best bound             : 198
 ! ----------------------------------------------------------------------------
 ! Number of branches     : 110156275
 ! Number of fails        : 46507232
 ! Total memory usage     : 276.9 MB (274.2 MB CP Optimizer + 2.7 MB Concert)
 ! Time spent in solve    : 1800.04s (1799.99s engine + 0.06s extraction)
 ! Search speed (br. / s) : 61198.6
 ! ----------------------------------------------------------------------------
! --------------------------------------------------------
! Best span = 744
! Labeling: 373 187 187 1 466 652 187 187 187 94 187 280 373 187 94 1 280 280 559 280 373 94 652 94 373 373 280 559 280 280 1 280 94 280 187 280 187 373 187 466 94 1 94 94 187 187 373 1 94 652 280 94 652 373 187 652 187 94 94 187 1 373 373 1 280 373 1 94 280 94 1 1 1 280 1 94 187 187 1 280 652 280 280 280 94 187 1 94 652 652 94 94 187 187 280 373 559 187 187 187 94 94 559 94 280 373 94 559 280 187 280 1 1 652 94 94 94 187 466 187 1 94 559 94 1 94 280 280 1 94 1 280 280 559 559 280 94 559 373 1 1 652 1 280 280 187 280 187 373 373 94 94 1 187 1 652 94 94 1 280 466 559 466 1 280 187 94 1 1 94 1 652 94 466 373 1 559 280 94 187 1 94 1 559 280 1 466 652 187 1 652 466 373 559 1 373 94 94 187 1 94 466 1 187 94 1 1 1 373 652 94 1 1 94 280 94 652 466 94 187 559 373 1 373 94 1 1 559 280 187 94 280 1 559 1 94 94 187 280 652 187 652 94 373 187 94 94 187 94 744 373 280 1 94 652 466 1 652 1 1 1 280 652 187 466 187 187 94 1 94 280 94 466 94 373 94 1 187 187 280 187 280 559 1 187 1 652 94 373 1 466 373 280 280 187 652 187 559 94 280 94 1 187 280 187 94 280 373 652 466 1 559 280 373 373 280 373 94 1 373 280 94 187 373 187 559 280 652 1 1 187 1 280 466 1 187 652 187 187 373 373 559 559 1 187 280 280 187 652 94 280 280 1 280 94 373 280 280 280 187 466 373 280 94 280 94 466 466 187 559 466 280 559 94 94 187 94 559 1 280 94 1 94 652 373 1 187 373 280 1 94 1 466 559 652 466 187 1 94 280 94 373 187 94 94 1 187 187 280 280 187 1 94 187 373 373 280 373 280 1 373 652 187 187 466 1 559 1 1 280 280 280 559 466 1 94 1 1 187 1 1 94 373 280 94 187 187 280 94 559 187 94 1 280 559 187 280 94 94 187 373 187 559 280 187 187 280 94 280 94 373 373 280 280 94 652 373 1 187 94 280 187 652 187 1 1 280 1 94 94 94 373 94 1 559 280 94 94 466 373 280 280 94 
! -------------------------------------------------------- 
