! Solving for graph /home/truongxuanhieu/CPLEX-CP-for-MinSpanLabeling/benchmarks/cabp/S-sherman4.mtx.rnd
! Target value is set to 387
! Lower bound is set to 388
! Upper bound is set to 819
! Time limit is set to 1800
! Vertices mode is set to Has hole
! Target value mode is set to Cyclic
 ! --------------------------------------------------- CP Optimizer 22.2.0.0 --
 ! Minimization problem - 547 variables, 1343 constraints, 1 phase
 ! TimeLimit            = 1800
 ! LogVerbosity         = Terse
 ! Initial process time : 0.03s (0.03s extraction + 0.00s propagation)
 !  . Log search space  : 5283.5 (before), 5283.5 (after)
 !  . Memory usage      : 2.8 MB (before), 2.8 MB (after)
 ! Using parallel search with 8 workers.
 ! ----------------------------------------------------------------------------
 !          Best Branches  Non-fixed    W       Branch decision
                        0        547                 -
 + New bound is 774
 *           819      886  0.22s        3      (gap is 5.49%)
 *           818      830  0.22s        6      (gap is 5.38%)
 *           817      951  0.22s        6      (gap is 5.26%)
 *           816     2242  0.26s        3      (gap is 5.15%)
 *           815     2724  0.29s        3      (gap is 5.03%)
 *           814     2939  0.29s        3      (gap is 4.91%)
 *           813     3512  0.33s        3      (gap is 4.80%)
 *           775     5014  0.38s        2      (gap is 0.13%)
 *           774     5335  0.40s        3      (gap is 0.00%)
 ! ----------------------------------------------------------------------------
 ! Search completed, 9 solutions found.
 ! Best objective         : 774 (optimal - effective tol. is 0)
 ! Best bound             : 774
 ! ----------------------------------------------------------------------------
 ! Number of branches     : 50822
 ! Number of fails        : 16971
 ! Total memory usage     : 58.7 MB (57.4 MB CP Optimizer + 1.3 MB Concert)
 ! Time spent in solve    : 0.40s (0.37s engine + 0.03s extraction)
 ! Search speed (br. / s) : 141172.2
 ! ----------------------------------------------------------------------------
! --------------------------------------------------------
! Best span = 774
! Labeling: 387 387 774 774 774 387 387 387 387 387 774 387 387 774 387 387 387 774 774 774 387 774 774 387 774 774 387 387 387 774 774 774 774 774 387 387 774 387 774 387 387 774 387 774 774 774 774 774 774 774 774 774 387 387 774 387 387 774 774 774 774 774 774 774 774 387 774 387 774 387 774 387 387 387 387 387 387 774 387 387 774 774 387 774 387 387 774 387 387 387 387 387 774 774 387 774 387 774 774 774 774 387 387 774 774 774 774 387 774 387 774 387 387 387 387 774 774 774 774 774 387 774 774 774 774 774 774 387 774 774 387 774 774 774 774 387 387 774 387 774 774 774 387 387 387 387 387 387 774 387 387 774 387 387 774 774 774 774 387 387 387 387 774 387 774 774 387 774 387 387 387 387 774 774 387 774 774 774 387 387 387 387 387 387 387 774 774 774 774 387 387 774 387 774 774 774 387 387 387 774 387 387 387 774 774 774 387 387 774 387 387 774 387 774 387 387 774 387 774 774 774 774 387 387 387 774 387 774 774 387 774 387 387 774 774 774 774 387 387 387 774 774 387 387 774 774 774 774 387 387 387 387 774 774 774 774 387 774 774 387 387 774 387 387 774 774 774 774 774 774 387 774 774 387 387 387 774 387 774 774 774 387 774 387 774 774 387 774 774 387 387 774 774 774 774 774 387 387 774 774 387 387 387 387 387 774 387 387 387 387 774 774 387 774 387 774 387 387 774 387 774 774 387 387 774 387 387 774 774 387 387 387 774 774 774 774 774 774 387 387 774 774 387 774 774 387 774 387 774 387 387 387 774 387 774 387 387 387 387 387 387 387 387 774 387 774 774 774 774 387 774 387 387 387 387 774 387 387 774 387 387 387 774 774 774 387 774 387 387 387 387 774 387 774 774 774 387 387 387 774 774 774 387 387 774 387 774 387 387 774 387 774 774 774 774 387 387 387 774 387 387 387 387 774 774 774 387 387 387 387 774 387 387 774 774 774 774 387 774 774 387 387 774 387 387 387 774 387 387 774 387 774 774 774 774 387 387 387 387 387 774 774 387 387 774 387 774 774 774 774 387 774 774 387 387 774 387 774 387 774 774 387 387 774 387 387 387 387 774 387 387 387 387 774 387 774 387 774 387 387 774 387 774 774 774 774 774 774 387 774 774 774 774 774 774 774 387 774 387 774 387 387 387 774 387 387 774 774 774 387 774 387 387 774 774 387 387 387 774 387 387 387 387 387 774 774 
! -------------------------------------------------------- 
