! Solving for graph /home/truongxuanhieu/CPLEX-CP-for-MinSpanLabeling/benchmarks/cabp/V-nos6.mtx.rnd
! Target value is set to 492
! Lower bound is set to 493
! Upper bound is set to 1013
! Time limit is set to 1800
! Vertices mode is set to Has hole
! Target value mode is set to Cyclic Antibandwidth
 ! --------------------------------------------------- CP Optimizer 22.2.0.0 --
 ! Minimization problem - 676 variables, 1293 constraints, 1 phase
 ! TimeLimit            = 1800
 ! LogVerbosity         = Terse
 ! Initial process time : 0.03s (0.03s extraction + 0.00s propagation)
 !  . Log search space  : 6739.7 (before), 6739.7 (after)
 !  . Memory usage      : 2.9 MB (before), 2.9 MB (after)
 ! Using parallel search with 8 workers.
 ! ----------------------------------------------------------------------------
 !          Best Branches  Non-fixed    W       Branch decision
                        0        676                 -
 + New bound is 984
                       32        675    1   F   493 != _int372
 + New bound is 985
 *           985      707  0.13s        1      (gap is 0.00%)
 ! ----------------------------------------------------------------------------
 ! Search completed, 1 solution found.
 ! Best objective         : 985 (optimal - effective tol. is 0)
 ! Best bound             : 985
 ! ----------------------------------------------------------------------------
 ! Number of branches     : 6834
 ! Number of fails        : 1436
 ! Total memory usage     : 52.0 MB (50.7 MB CP Optimizer + 1.3 MB Concert)
 ! Time spent in solve    : 0.13s (0.11s engine + 0.03s extraction)
 ! Search speed (br. / s) : 68340.0
 ! ----------------------------------------------------------------------------
! --------------------------------------------------------
! Best span = 985
! Labeling: 493 493 493 1 493 1 1 493 493 1 1 493 1 1 1 493 1 493 1 493 493 1 493 1 493 493 1 1 493 1 493 493 1 1 1 493 1 493 493 1 493 1 493 1 493 493 1 493 493 1 493 493 493 1 1 1 1 493 1 1 493 1 1 493 493 1 1 1 1 493 493 493 493 1 1 493 493 493 1 493 493 1 1 1 493 1 1 1 1 493 493 493 1 493 1 1 493 493 493 493 1 493 493 493 493 493 493 1 493 493 493 493 493 493 493 1 493 1 1 1 1 493 1 1 493 493 493 1 1 1 493 493 493 1 493 1 1 493 493 1 1 493 493 1 1 1 493 493 1 493 1 493 1 493 1 1 493 493 493 1 1 1 1 1 493 493 1 493 493 1 1 1 493 1 1 493 493 493 493 493 493 1 1 1 493 1 1 1 493 1 1 1 1 493 1 1 1 493 493 493 1 1 1 1 493 1 1 1 1 1 1 1 1 1 1 493 493 493 1 493 493 1 1 493 493 1 1 1 493 493 493 1 1 1 1 493 1 493 1 493 493 493 493 493 1 493 493 1 1 493 1 1 493 493 493 493 493 493 493 493 1 493 1 493 1 493 493 493 493 493 1 1 1 493 1 493 493 493 1 1 493 1 1 493 1 1 1 1 1 493 493 1 493 1 493 1 1 1 1 1 493 493 1 493 1 1 1 493 1 493 493 493 1 493 493 1 1 1 1 493 1 1 1 493 493 1 493 1 493 493 493 493 1 1 493 493 493 493 1 1 493 1 493 493 493 1 493 493 1 493 1 493 493 1 1 493 493 493 493 493 1 1 493 493 493 1 493 493 1 1 493 985 1 493 493 493 493 1 493 493 493 493 1 493 493 493 493 493 1 1 493 493 493 1 1 1 1 493 493 1 1 493 493 1 493 493 1 1 1 493 1 493 493 493 1 1 493 1 493 1 1 493 493 493 1 1 493 493 1 493 493 1 493 493 1 493 493 493 493 1 493 1 1 493 493 1 493 493 1 1 493 1 1 1 493 493 493 493 493 1 493 1 1 1 1 1 1 1 1 493 1 493 493 493 493 493 493 1 1 493 1 1 493 493 493 1 493 1 1 493 493 1 1 1 493 493 493 1 493 493 1 1 493 1 1 1 1 493 1 493 1 1 1 493 493 493 493 493 1 1 493 493 1 1 493 1 493 1 1 1 493 1 1 1 1 1 1 1 493 1 1 493 493 1 1 1 1 1 493 493 1 1 493 493 493 493 493 1 493 1 493 1 493 1 493 1 1 1 493 1 1 493 1 1 493 493 493 1 1 493 493 1 493 493 1 1 493 1 493 493 493 493 493 1 493 493 1 1 1 1 493 493 493 493 1 1 1 1 1 493 493 1 1 493 493 1 1 493 493 1 1 493 1 493 493 493 1 1 1 1 493 1 1 1 493 493 1 493 1 1 1 1 1 1 493 493 1 1 1 493 1 1 1 1 493 493 1 493 493 1 1 1 493 1 1 1 493 493 1 493 1 493 493 493 493 
! -------------------------------------------------------- 
