! Solving for graph /home/truongxuanhieu/CPLEX-CP-for-MinSpanLabeling/benchmarks/cabp/W-685_bus.mtx.rnd
! Target value is set to 171
! Lower bound is set to 172
! Upper bound is set to 1028
! Time limit is set to 1800
! Vertices mode is set to Has hole
! Target value mode is set to Cyclic
 ! --------------------------------------------------- CP Optimizer 22.2.0.0 --
 ! Minimization problem - 686 variables, 1284 constraints, 1 phase
 ! TimeLimit            = 1800
 ! LogVerbosity         = Terse
 ! Initial process time : 0.03s (0.03s extraction + 0.00s propagation)
 !  . Log search space  : 6862.3 (before), 6862.3 (after)
 !  . Memory usage      : 2.8 MB (before), 2.8 MB (after)
 ! Using parallel search with 8 workers.
 ! ----------------------------------------------------------------------------
 !          Best Branches  Non-fixed    W       Branch decision
                        0        686                 -
 + New bound is 342
 *          1028      702  0.13s        3      (gap is 66.73%)
 *          1026      704  0.13s        6      (gap is 66.67%)
 ! ----------------------------------------------------------------------------
 ! Search terminated by limit, 2 solutions found.
 ! Best objective         : 1026 (gap is 66.67%)
 ! Best bound             : 342
 ! ----------------------------------------------------------------------------
 ! Number of branches     : 137975702
 ! Number of fails        : 59649572
 ! Total memory usage     : 309.0 MB (307.7 MB CP Optimizer + 1.3 MB Concert)
 ! Time spent in solve    : 1800.03s (1800.00s engine + 0.03s extraction)
 ! Search speed (br. / s) : 76653.2
 ! ----------------------------------------------------------------------------
! --------------------------------------------------------
! Best span = 1026
! Labeling: 172 1 172 172 1 172 1 1 1 172 172 1 172 172 1 1 1 172 779 172 172 172 172 1 1 1 1 1 172 172 172 1 1 1 172 1 1 1 172 1 1 172 1 1 172 172 1 172 172 172 343 1 1 1 172 343 1 172 172 1 172 1 1 172 172 343 172 1 172 1 1 343 172 172 172 172 1 172 172 1 1 1 1 1 172 172 1 1 172 343 172 1 172 1 1 1 343 172 343 172 1 1 1 343 1 172 1 1 343 172 172 343 172 1 172 1 1 1 1 172 343 172 1 1 172 172 1 172 1 172 172 343 172 172 1 343 1 1 343 1 172 172 172 1 514 1 172 343 172 1 172 172 172 172 172 1 1 1 172 1 172 1 172 1 1 1 1 172 172 1 172 172 172 172 1 1 1 172 343 172 1 343 1 1 172 172 172 1 1 1 1 172 1 172 10 1 1 172 1 1 172 172 172 514 1 172 172 1 685 172 343 343 172 172 1 172 172 172 343 1 343 1 1 343 1 343 1 343 1 1 1 343 172 172 1 514 1 1 1 172 343 1 1 172 343 1 343 343 172 172 1 1 1 1 172 343 343 1 343 1 172 514 172 343 1 1 343 514 1 1 172 1 172 1 1 1 172 1 1 1 172 343 343 172 1 172 514 343 343 343 172 343 1 172 1 172 172 1 172 1 1 172 172 343 172 1 1 1 172 172 343 172 343 172 1 1 1 172 343 172 1 343 172 1 343 514 1 343 1 1 172 343 172 343 1 172 685 172 172 1 172 1 1 172 343 1 172 172 172 1 343 1 172 172 343 172 343 343 172 1 172 1 343 172 172 172 343 172 514 1 172 172 343 172 343 172 172 343 172 343 343 1 172 1 1 343 1 343 1 172 1 1 1 172 172 514 1 172 172 685 172 343 1 172 343 1 343 1 343 1 1 343 343 343 343 1 1 1 343 172 172 1 343 1 343 172 172 172 343 343 172 1 172 343 343 343 343 172 172 1 172 1 1 172 343 343 1 172 343 1 343 1 1 1 343 172 1 1 172 343 514 172 172 1 514 343 181 1 172 343 856 1 1 172 343 1 1 172 172 514 172 1 172 172 172 1 343 343 1 1 343 172 1 343 172 343 343 1 343 343 172 514 1 343 172 172 172 172 514 685 514 343 1 172 343 1 514 172 1 1 685 172 343 1 1 172 343 172 1 514 1 172 172 172 172 343 172 172 343 1 172 172 343 343 172 1 1 172 514 343 343 343 1 343 343 1 1 172 343 1 343 514 343 343 172 343 343 343 172 172 172 343 343 1 172 343 1 172 172 1 343 1 685 343 1 343 343 514 343 1 1 343 1 343 172 343 343 172 1 172 343 1 172 1 343 1 172 514 1 1 172 343 172 1 685 172 172 514 343 172 343 1 343 172 343 172 172 343 172 343 172 343 685 343 343 172 343 343 343 343 343 514 343 172 172 1 172 172 343 172 1 1 1 172 343 1 343 172 1026 1 1 343 1 343 343 172 172 172 343 1 1 172 343 343 1 1 172 172 343 514 1 343 172 1 514 
! -------------------------------------------------------- 
