! Solving for graph /home/truongxuanhieu/CPLEX-CP-for-MinSpanLabeling/benchmarks/cabp/X-can__715.mtx.rnd
! Target value is set to 151
! Lower bound is set to 152
! Upper bound is set to 1073
! Time limit is set to 1800
! Vertices mode is set to Has hole
! Target value mode is set to Cyclic
 ! --------------------------------------------------- CP Optimizer 22.2.0.0 --
 ! Minimization problem - 716 variables, 2977 constraints, 1 phase
 ! TimeLimit            = 1800
 ! LogVerbosity         = Terse
 ! Initial process time : 0.09s (0.09s extraction + 0.00s propagation)
 !  . Log search space  : 7206.8 (before), 7206.8 (after)
 !  . Memory usage      : 5.6 MB (before), 5.6 MB (after)
 ! Using parallel search with 8 workers.
 ! ----------------------------------------------------------------------------
 !          Best Branches  Non-fixed    W       Branch decision
                        0        716                 -
 + New bound is 302
 *          1057      732  0.29s        3      (gap is 71.43%)
 *          1048      734  0.29s        6      (gap is 71.18%)
 *           906      733  0.29s        8      (gap is 66.67%)
 ! ----------------------------------------------------------------------------
 ! Search terminated by limit, 3 solutions found.
 ! Best objective         : 906 (gap is 66.67%)
 ! Best bound             : 302
 ! ----------------------------------------------------------------------------
 ! Number of branches     : 70938253
 ! Number of fails        : 32745497
 ! Total memory usage     : 337.1 MB (334.2 MB CP Optimizer + 2.9 MB Concert)
 ! Time spent in solve    : 1800.06s (1799.97s engine + 0.09s extraction)
 ! Search speed (br. / s) : 39410.8
 ! ----------------------------------------------------------------------------
! --------------------------------------------------------
! Best span = 906
! Labeling: 605 152 1 152 152 152 454 303 152 152 152 1 454 1 303 152 454 303 152 152 454 454 454 303 1 303 303 454 595 1 605 454 152 152 303 152 303 303 303 152 605 152 152 303 1 303 1 152 152 1 152 1 303 152 303 605 1 1 303 746 605 152 454 454 605 152 152 152 1 605 756 152 343 1 1 605 152 303 605 303 152 303 1 1 152 303 303 1 454 454 1 303 454 152 152 303 756 152 454 303 303 605 1 1 152 1 152 152 605 152 444 303 605 454 454 454 605 152 152 303 152 152 756 303 152 152 303 454 303 152 152 303 1 303 454 605 1 303 303 605 454 595 303 152 605 303 1 152 1 152 605 605 152 152 152 454 303 152 605 152 303 152 152 454 303 454 454 1 605 605 152 303 454 303 303 303 303 303 303 1 303 605 1 1 605 1 303 454 303 756 454 303 454 152 152 152 303 303 152 303 152 1 605 1 454 605 605 756 303 192 1 303 454 1 303 605 454 454 454 605 454 1 454 454 152 303 1 152 303 152 303 454 152 454 454 152 152 1 605 454 605 454 454 746 303 605 303 1 1 454 756 1 1 1 303 303 1 906 152 454 152 303 605 303 303 454 152 605 454 595 303 152 303 152 595 1 152 1 303 454 152 605 454 152 152 303 152 303 303 444 303 454 756 756 303 1 1 454 152 303 303 303 303 1 303 605 454 1 454 152 605 152 444 152 303 746 756 1 152 454 303 605 605 605 303 454 605 454 152 152 152 303 303 756 303 303 303 152 605 605 152 454 303 454 303 454 1 152 756 746 605 1 454 454 303 1 152 605 1 303 605 605 303 756 303 1 1 454 1 605 605 454 152 605 605 1 605 454 303 152 152 454 746 303 1 605 152 1 454 303 1 303 303 303 152 454 454 303 756 303 303 756 605 454 454 605 152 1 746 605 303 454 756 756 303 152 454 454 1 1 152 1 746 152 605 152 303 1 454 152 756 152 605 152 152 454 152 454 454 1 605 454 152 303 605 303 152 444 605 152 756 152 605 1 1 152 152 152 605 605 605 303 303 1 454 454 756 152 605 756 1 303 1 303 1 152 303 152 454 152 454 152 303 756 1 303 152 454 454 1 1 303 1 756 152 152 1 303 454 605 303 454 454 746 605 605 152 454 152 605 303 303 152 1 1 152 454 152 605 605 454 152 152 1 152 303 454 303 1 756 1 1 303 152 152 454 605 454 1 1 605 454 152 454 454 1 152 454 454 303 303 303 303 303 605 152 1 756 303 454 605 454 1 605 303 605 1 303 454 152 595 454 303 152 152 1 303 1 746 756 1 1 1 152 605 303 454 152 1 454 454 152 303 756 152 444 303 303 303 1 605 605 152 1 454 605 152 152 1 303 454 605 756 303 1 152 303 454 454 605 152 1 152 303 152 454 152 756 152 152 303 303 152 444 1 152 454 152 1 1 1 152 605 605 605 605 303 303 152 454 1 605 303 605 454 605 605 605 152 303 1 303 152 1 454 454 605 605 605 303 746 605 1 152 605 1 152 303 152 605 605 1 454 293 152 152 605 746 1 605 303 454 152 303 1 303 1 595 454 152 454 1 303 454 1 303 152 152 152 152 303 454 152 152 605 
! -------------------------------------------------------- 
