! Solving for graph ../../../benchmarks/abp/V-nos6.mtx.rnd
! Target value is set to 164
! Lower bound is set to 165
! Upper bound is set to 337
! Time limit is set to 1800
! Vertices mode is set to No hole
 ! --------------------------------------------------- CP Optimizer 22.2.0.0 --
 ! Minimization problem - 676 variables, 2639 constraints, 1 phase
 ! Presolve      : 337 extractables eliminated, 1 constraint generated
 ! TimeLimit            = 1800
 ! LogVerbosity         = Terse
 ! Initial process time : 0.06s (0.06s extraction + 0.00s propagation)
 !  . Log search space  : 5675.1 (before), 5675.1 (after)
 !  . Memory usage      : 1.4 MB (before), 1.4 MB (after)
 ! Using parallel search with 8 workers.
 ! ----------------------------------------------------------------------------
 !          Best Branches  Non-fixed    W       Branch decision
                        0        676                 -
 + New bound is 165
                        0        676    1   F        -
 + New bound is 327
                        0        676    1   F        -
 + New bound is 328
 *           337    4806k  1746.49s     1      (gap is 2.67%)
 *           336    4911k  1753.84s     4      (gap is 2.38%)
 *           335    4921k  1758.81s     4      (gap is 2.09%)
 *           334    4925k  1759.22s     4      (gap is 1.80%)
 *           333    4962k  1765.20s     4      (gap is 1.50%)
 *           332    4990k  1770.59s     4      (gap is 1.20%)
 *           331    4995k  1771.65s     4      (gap is 0.91%)
 ! ----------------------------------------------------------------------------
 ! Search terminated by limit, 7 solutions found.
 ! Best objective         : 331 (gap is 0.91%)
 ! Best bound             : 328
 ! ----------------------------------------------------------------------------
 ! Number of branches     : 40467942
 ! Number of fails        : 14272232
 ! Total memory usage     : 211.1 MB (207.9 MB CP Optimizer + 3.2 MB Concert)
 ! Time spent in solve    : 1800.08s (1800.02s engine + 0.06s extraction)
 ! Search speed (br. / s) : 22482.1
 ! ----------------------------------------------------------------------------
! --------------------------------------------------------
! Best span = 331
! Labeling: 1 4 50 166 1 150 5 289 181 253 266 1 248 313 167 1 42 1 305 1 72 154 1 172 16 49 167 196 327 21 137 2 307 255 285 3 272 298 1 270 3 1 2 28 20 331 293 1 3 149 72 18 76 97 94 7 167 1 201 326 206 295 188 10 68 179 291 262 262 319 19 61 30 92 204 68 22 1 203 308 97 306 266 166 64 185 329 321 100 103 329 55 166 331 265 321 317 330 62 1 299 231 108 111 1 39 85 239 331 3 225 331 1 1 1 202 1 65 170 276 144 331 325 208 211 67 1 166 172 116 2 51 330 283 318 244 210 2 1 167 290 329 326 127 316 297 82 331 249 7 167 331 166 29 169 167 1 3 331 167 297 158 189 313 88 53 222 105 32 167 167 238 10 313 199 1 23 201 330 1 78 188 229 175 331 312 313 296 1 263 12 220 132 331 167 314 325 104 329 43 56 260 8 319 331 123 171 306 209 264 166 303 251 166 252 22 113 22 143 1 34 134 6 102 1 313 163 311 12 133 10 167 263 166 165 9 314 2 330 6 304 331 80 128 169 323 1 26 170 9 279 156 114 13 2 101 1 95 331 1 287 1 292 1 165 4 331 328 77 331 221 328 167 331 325 1 63 119 248 166 331 165 288 10 328 152 292 169 135 328 1 247 1 167 93 165 172 169 190 219 1 73 328 1 166 261 40 7 11 24 117 1 280 14 84 224 284 195 159 1 157 166 124 331 1 274 321 177 33 118 59 3 305 223 1 155 76 25 131 246 90 138 31 331 1 73 4 6 166 331 295 2 160 165 184 74 331 37 16 120 254 165 98 48 112 142 70 328 45 258 321 269 129 1 12 203 140 230 1 35 1 69 174 110 1 89 313 1 263 167 79 331 3 244 282 330 167 121 148 165 328 1 1 327 314 96 195 324 17 328 165 69 51 2 166 176 305 165 1 183 294 1 329 330 207 309 10 1 256 324 58 235 2 33 257 71 325 9 330 327 1 167 281 5 1 329 57 330 302 130 22 167 166 168 1 1 7 164 30 167 27 277 169 187 214 240 205 141 165 91 167 1 329 331 99 83 89 180 329 87 327 268 44 1 109 15 1 165 330 12 1 198 265 295 300 60 1 186 330 49 227 167 330 171 170 168 172 1 277 46 323 275 166 146 1 38 1 1 12 166 41 1 330 271 36 330 86 245 234 320 330 233 234 301 8 162 322 1 331 218 213 331 1 215 259 178 166 217 330 1 168 241 331 331 1 330 77 171 7 236 115 122 3 125 12 226 232 165 331 318 173 147 172 166 126 2 266 331 118 330 106 194 1 81 311 331 1 303 47 1 26 54 66 191 41 1 2 200 310 228 331 1 330 3 167 139 153 242 197 1 2 286 166 1 1 243 263 1 321 166 293 94 167 20 96 3 274 165 250 182 75 263 326 136 216 1 161 73 315 167 173 193 170 273 1 331 300 267 151 192 173 52 269 165 329 331 1 1 107 237 169 291 1 317 167 328 68 1 212 145 278 331 1 2 60 
! -------------------------------------------------------- 
