! Solving for graph ../../../benchmarks/abp/W-685_bus.mtx.rnd
! Target value is set to 68
! Lower bound is set to 69
! Upper bound is set to 342
! Time limit is set to 1800
! Vertices mode is set to No hole
 ! --------------------------------------------------- CP Optimizer 22.2.0.0 --
 ! Minimization problem - 686 variables, 2651 constraints, 1 phase
 ! Presolve      : 342 extractables eliminated, 1 constraint generated
 ! TimeLimit            = 1800
 ! LogVerbosity         = Terse
 ! Initial process time : 0.08s (0.08s extraction + 0.00s propagation)
 !  . Log search space  : 5774.3 (before), 5774.3 (after)
 !  . Memory usage      : 1.4 MB (before), 1.4 MB (after)
 ! Using parallel search with 8 workers.
 ! ----------------------------------------------------------------------------
 !          Best Branches  Non-fixed    W       Branch decision
                        0        686                 -
 + New bound is 69
                        0        686    1            -
 + New bound is 136
                      136        685    1   F    68 != _int170
 + New bound is 137
 *           342     9605  1.43s        1      (gap is 59.94%)
 *           341    20039  3.08s        4      (gap is 59.82%)
             341     235k        683    7   F     4 != _int314
 + New bound is 141 (gap is 58.65%)
             341    1431k        533    1   F     8 != _int314
 + New bound is 145 (gap is 57.48%)
             341    1520k        537    1   F     9 != _int314
 + New bound is 146 (gap is 57.18%)
             341    3470k        628    1   F    81 != _int316
 + New bound is 150 (gap is 56.01%)
             341    7411k        388    1   F    85 != _int314
 + New bound is 154 (gap is 54.84%)
             341    7411k        388    1   F    86 != _int314
 + New bound is 155 (gap is 54.55%)
             341    7512k        686    1   F    21 != _int313
 + New bound is 158 (gap is 53.67%)
             341    7512k        684    1   F    22 != _int313
 + New bound is 159 (gap is 53.37%)
             341    7616k        416    1   F    28 != _int314
 + New bound is 165 (gap is 51.61%)
             341   13670k        511    1   F    99 != _int313
 + New bound is 168 (gap is 50.73%)
 ! ----------------------------------------------------------------------------
 ! Search terminated by limit, 2 solutions found.
 ! Best objective         : 341 (gap is 50.73%)
 ! Best bound             : 168
 ! ----------------------------------------------------------------------------
 ! Number of branches     : 137288318
 ! Number of fails        : 58015179
 ! Total memory usage     : 206.7 MB (203.5 MB CP Optimizer + 3.2 MB Concert)
 ! Time spent in solve    : 1800.07s (1800.00s engine + 0.08s extraction)
 ! Search speed (br. / s) : 76271.7
 ! ----------------------------------------------------------------------------
! --------------------------------------------------------
! Best span = 341
! Labeling: 165 71 207 126 8 337 63 47 105 125 234 117 113 34 21 341 130 1 26 42 214 238 279 150 131 124 1 234 223 312 31 132 322 41 198 325 179 4 32 49 1 4 186 338 117 248 57 321 341 110 311 42 163 140 47 144 266 253 16 154 253 141 244 32 126 184 1 1 340 1 13 58 236 131 202 241 156 195 173 68 294 1 161 205 206 111 241 203 154 42 268 202 51 79 4 11 321 41 7 176 142 247 89 307 321 101 315 55 56 337 271 273 8 107 57 120 263 330 319 251 265 212 49 340 32 100 194 254 17 3 305 10 190 259 306 117 169 231 205 142 184 341 179 264 6 320 276 30 273 337 1 241 133 253 159 47 181 4 238 336 9 73 72 246 320 79 341 109 182 5 337 189 232 1 251 339 152 329 332 61 103 167 69 46 305 213 199 330 119 230 231 240 321 28 218 124 116 266 135 10 207 327 286 325 74 157 26 93 322 232 333 155 215 100 328 220 132 302 80 333 76 143 37 233 216 256 139 257 27 226 338 174 53 11 195 69 284 70 41 229 313 16 252 229 211 98 329 247 176 184 49 23 1 320 128 333 338 324 205 261 250 341 12 185 258 70 249 69 198 16 131 293 107 270 77 242 204 57 1 26 1 91 309 127 137 204 338 249 223 302 89 106 309 183 210 171 32 298 309 274 221 245 322 137 236 292 114 292 138 222 15 64 340 255 196 327 289 245 147 160 169 103 230 317 10 79 328 69 33 37 164 337 194 88 1 90 316 47 208 188 283 273 1 69 60 145 148 288 11 310 102 125 140 149 54 323 83 163 275 337 1 299 249 36 67 273 132 122 267 324 318 200 323 300 196 327 112 291 251 126 11 34 12 340 163 48 95 228 201 124 296 161 123 266 215 14 177 335 10 341 137 241 166 262 173 203 241 304 14 137 153 319 243 22 163 297 65 314 108 66 285 324 170 324 205 1 60 1 49 162 174 1 232 24 43 171 339 50 323 295 19 177 340 302 341 272 246 249 290 266 127 1 59 308 243 1 84 207 137 205 147 227 135 320 80 82 30 210 35 330 137 125 197 273 6 215 35 99 5 234 2 247 177 45 129 46 317 78 96 317 81 69 86 97 282 158 24 7 209 92 122 244 307 50 1 175 132 69 137 205 57 168 134 317 260 214 248 14 50 89 100 121 278 83 172 51 24 1 276 122 265 99 254 94 187 323 69 119 318 127 45 281 40 46 335 216 226 308 340 92 115 48 188 106 202 152 322 301 29 75 6 150 303 13 160 111 138 333 146 288 18 192 15 52 18 90 158 296 318 20 237 1 178 287 122 117 269 59 321 249 314 25 225 333 339 222 79 87 294 44 1 166 104 319 202 321 214 90 62 1 321 171 307 217 94 167 180 179 219 8 317 181 30 241 117 320 1 300 51 55 1 136 118 92 322 215 76 324 311 38 151 137 169 335 331 203 280 224 239 246 1 17 132 72 41 45 11 329 193 6 137 137 194 241 313 334 85 60 339 39 164 39 311 326 93 235 191 1 268 69 317 277 176 317 212 
! -------------------------------------------------------- 
