! Solving for graph /home/truongxuanhieu/CPLEX-CP-for-MinSpanLabeling/benchmarks/cabp/R-dwt__503.mtx.rnd
! Target value is set to 77
! Lower bound is set to 78
! Upper bound is set to 629
! Time limit is set to 1800
! Vertices mode is set to Has hole
! Target value mode is set to Cyclic Antibandwidth
 ! --------------------------------------------------- CP Optimizer 22.2.0.0 --
 ! Minimization problem - 504 variables, 2765 constraints, 1 phase
 ! TimeLimit            = 1800
 ! LogVerbosity         = Terse
 ! Initial process time : 0.06s (0.06s extraction + 0.00s propagation)
 !  . Log search space  : 4684.2 (before), 4684.2 (after)
 !  . Memory usage      : 5.2 MB (before), 5.2 MB (after)
 ! Using parallel search with 8 workers.
 ! ----------------------------------------------------------------------------
 !          Best Branches  Non-fixed    W       Branch decision
                        0        504                 -
 + New bound is 154
                      154        503    1   F    77 != _int453
 + New bound is 155
 *           616      733  0.38s        2      (gap is 74.84%)
             616     135k        497    4   F     8 != _int69
 + New bound is 163 (gap is 73.54%)
             616     148k        500    7   F    93 != _int281
 + New bound is 171 (gap is 72.24%)
 ! ----------------------------------------------------------------------------
 ! Search terminated by limit, 1 solution found.
 ! Best objective         : 616 (gap is 72.24%)
 ! Best bound             : 171
 ! ----------------------------------------------------------------------------
 ! Number of branches     : 122637714
 ! Number of fails        : 57085410
 ! Total memory usage     : 262.1 MB (259.4 MB CP Optimizer + 2.7 MB Concert)
 ! Time spent in solve    : 1800.04s (1799.99s engine + 0.06s extraction)
 ! Search speed (br. / s) : 68132.4
 ! ----------------------------------------------------------------------------
! --------------------------------------------------------
! Best span = 616
! Labeling: 309 155 155 1 386 540 155 155 155 78 155 232 309 155 78 1 232 232 463 232 309 78 540 78 309 309 232 463 232 232 1 232 78 232 155 232 155 309 155 386 78 1 78 78 155 155 309 1 78 540 232 78 540 309 155 540 155 78 78 155 1 309 309 1 232 309 1 78 232 78 1 1 1 232 1 78 155 155 1 232 540 232 232 232 78 155 1 78 540 540 78 78 155 155 232 309 463 155 155 155 78 78 463 78 232 309 78 463 232 155 232 1 1 540 78 78 78 155 386 155 1 78 463 78 1 78 232 232 1 78 1 232 232 463 463 232 78 463 309 1 1 540 1 232 232 155 232 155 309 309 78 78 1 155 1 540 78 78 1 232 386 463 386 1 232 155 78 1 1 78 1 540 78 386 309 1 463 232 78 155 1 78 1 463 232 1 386 540 155 1 540 386 309 463 1 309 78 78 155 1 78 386 1 155 78 1 1 1 309 540 78 1 1 78 232 78 540 386 78 155 463 309 1 309 78 1 1 463 232 155 78 232 1 463 1 78 78 155 232 540 155 540 78 309 155 78 78 155 78 616 309 232 1 78 540 386 1 540 1 1 1 232 540 155 386 155 155 78 1 78 232 78 386 78 309 78 1 155 155 232 155 232 463 1 155 1 540 78 309 1 386 309 232 232 155 540 155 463 78 232 78 1 155 232 155 78 232 309 540 386 1 463 232 309 309 232 309 78 1 309 232 78 155 309 155 463 232 540 1 1 155 1 232 386 1 155 540 155 155 309 309 463 463 1 155 232 232 155 540 78 232 232 1 232 78 309 232 232 232 155 386 309 232 78 232 78 386 386 155 463 386 232 463 78 78 155 78 463 1 232 78 1 78 540 309 1 155 309 232 1 78 1 386 463 540 386 155 1 78 232 78 309 155 78 78 1 155 155 232 232 155 1 78 155 309 309 232 309 232 1 309 540 155 155 386 1 463 1 1 232 232 232 463 386 1 78 1 1 155 1 1 78 309 232 78 155 155 232 78 463 155 78 1 232 463 155 232 78 78 155 309 155 463 232 155 155 232 78 232 78 309 309 232 232 78 540 309 1 155 78 232 155 540 155 1 1 232 1 78 78 78 309 78 1 463 232 78 78 386 309 232 232 78 
! -------------------------------------------------------- 
