! Solving for graph /home/truongxuanhieu/CPLEX-CP-for-MinSpanLabeling/benchmarks/cabp/S-sherman4.mtx.rnd
! Target value is set to 322
! Lower bound is set to 323
! Upper bound is set to 683
! Time limit is set to 1800
! Vertices mode is set to Has hole
! Target value mode is set to Cyclic
 ! --------------------------------------------------- CP Optimizer 22.2.0.0 --
 ! Minimization problem - 547 variables, 1343 constraints, 1 phase
 ! TimeLimit            = 1800
 ! LogVerbosity         = Terse
 ! Initial process time : 0.06s (0.06s extraction + 0.00s propagation)
 !  . Log search space  : 5140.3 (before), 5140.3 (after)
 !  . Memory usage      : 2.8 MB (before), 2.8 MB (after)
 ! Using parallel search with 8 workers.
 ! ----------------------------------------------------------------------------
 !          Best Branches  Non-fixed    W       Branch decision
                        0        547                 -
 + New bound is 644
 *           683      238  0.30s        8      (gap is 5.71%)
 *           682     2085  0.37s        5      (gap is 5.57%)
 *           681     2922  0.41s        5      (gap is 5.43%)
 *           680     4694  0.49s        3      (gap is 5.29%)
 *           679     6007  0.57s        3      (gap is 5.15%)
 *           678     6570  0.59s        5      (gap is 5.01%)
 *           645     9674  0.64s        1      (gap is 0.16%)
 *           644    12234  0.72s        4      (gap is 0.00%)
 ! ----------------------------------------------------------------------------
 ! Search completed, 8 solutions found.
 ! Best objective         : 644 (optimal - effective tol. is 0)
 ! Best bound             : 644
 ! ----------------------------------------------------------------------------
 ! Number of branches     : 80970
 ! Number of fails        : 28837
 ! Total memory usage     : 69.4 MB (68.1 MB CP Optimizer + 1.3 MB Concert)
 ! Time spent in solve    : 0.73s (0.68s engine + 0.06s extraction)
 ! Search speed (br. / s) : 120850.7
 ! ----------------------------------------------------------------------------
! --------------------------------------------------------
! Best span = 644
! Labeling: 322 322 644 644 644 322 322 322 322 322 644 322 322 644 322 322 322 644 644 644 322 644 644 322 644 644 322 322 322 644 644 644 644 644 322 322 644 322 644 322 322 644 322 644 644 644 644 644 644 644 644 644 322 322 644 322 322 644 644 644 644 644 644 644 644 322 644 322 644 322 644 322 322 322 322 322 322 644 322 322 644 644 322 644 322 322 644 322 322 322 322 322 644 644 322 644 322 644 644 644 644 322 322 644 644 644 644 322 644 322 644 322 322 322 322 644 644 644 644 644 322 644 644 644 644 644 644 322 644 644 322 644 644 644 644 322 322 644 322 644 644 644 322 322 322 322 322 322 644 322 322 644 322 322 644 644 644 644 322 322 322 322 644 322 644 644 322 644 322 322 322 322 644 644 322 644 644 644 322 322 322 322 322 322 322 644 644 644 644 322 322 644 322 644 644 644 322 322 322 644 322 322 322 644 644 644 322 322 644 322 322 644 322 644 322 322 644 322 644 644 644 644 322 322 322 644 322 644 644 322 644 322 322 644 644 644 644 322 322 322 644 644 322 322 644 644 644 644 322 322 322 322 644 644 644 644 322 644 644 322 322 644 322 322 644 644 644 644 644 644 322 644 644 322 322 322 644 322 644 644 644 322 644 322 644 644 322 644 644 322 322 644 644 644 644 644 322 322 644 644 322 322 322 322 322 644 322 322 322 322 644 644 322 644 322 644 322 322 644 322 644 644 322 322 644 322 322 644 644 322 322 322 644 644 644 644 644 644 322 322 644 644 322 644 644 322 644 322 644 322 322 322 644 322 644 322 322 322 322 322 322 322 322 644 322 644 644 644 644 322 644 322 322 322 322 644 322 322 644 322 322 322 644 644 644 322 644 322 322 322 322 644 322 644 644 644 322 322 322 644 644 644 322 322 644 322 644 322 322 644 322 644 644 644 644 322 322 322 644 322 322 322 322 644 644 644 322 322 322 322 644 322 322 644 644 644 644 322 644 644 322 322 644 322 322 322 644 322 322 644 322 644 644 644 644 322 322 322 322 322 644 644 322 322 644 322 644 644 644 644 322 644 644 322 322 644 322 644 322 644 644 322 322 644 322 322 322 322 644 322 322 322 322 644 322 644 322 644 322 322 644 322 644 644 644 644 644 644 322 644 644 644 644 644 644 644 322 644 322 644 322 322 322 644 322 322 644 644 644 322 644 322 322 644 644 322 322 322 644 322 322 322 322 322 644 644 
! -------------------------------------------------------- 
