! Solving for graph /home/truongxuanhieu/CPLEX-CP-for-MinSpanLabeling/benchmarks/cabp/V-nos6.mtx.rnd
! Target value is set to 410
! Lower bound is set to 411
! Upper bound is set to 844
! Time limit is set to 1800
! Vertices mode is set to Has hole
! Target value mode is set to Cyclic Antibandwidth
 ! --------------------------------------------------- CP Optimizer 22.2.0.0 --
 ! Minimization problem - 676 variables, 1293 constraints, 1 phase
 ! TimeLimit            = 1800
 ! LogVerbosity         = Terse
 ! Initial process time : 0.04s (0.04s extraction + 0.00s propagation)
 !  . Log search space  : 6561.7 (before), 6561.7 (after)
 !  . Memory usage      : 2.9 MB (before), 2.9 MB (after)
 ! Using parallel search with 8 workers.
 ! ----------------------------------------------------------------------------
 !          Best Branches  Non-fixed    W       Branch decision
                        0        676                 -
 + New bound is 820
                       26        675    1   F   411 != _int372
 + New bound is 821
 *           821      701  0.13s        1      (gap is 0.00%)
 ! ----------------------------------------------------------------------------
 ! Search completed, 1 solution found.
 ! Best objective         : 821 (optimal - effective tol. is 0)
 ! Best bound             : 821
 ! ----------------------------------------------------------------------------
 ! Number of branches     : 6809
 ! Number of fails        : 1178
 ! Total memory usage     : 52.3 MB (51.0 MB CP Optimizer + 1.3 MB Concert)
 ! Time spent in solve    : 0.13s (0.09s engine + 0.04s extraction)
 ! Search speed (br. / s) : 75655.6
 ! ----------------------------------------------------------------------------
! --------------------------------------------------------
! Best span = 821
! Labeling: 411 411 411 1 411 1 1 411 411 1 1 411 1 1 1 411 1 411 1 411 411 1 411 1 411 411 1 1 411 1 411 411 1 1 1 411 1 411 411 1 411 1 411 1 411 411 1 411 411 1 411 411 411 1 1 1 1 411 1 1 411 1 1 411 411 1 1 1 1 411 411 411 411 1 1 411 411 411 1 411 411 1 1 1 411 1 1 1 1 411 411 411 1 411 1 1 411 411 411 411 1 411 411 411 411 411 411 1 411 411 411 411 411 411 411 1 411 1 1 1 1 411 1 1 411 411 411 1 1 1 411 411 411 1 411 1 1 411 411 1 1 411 411 1 1 1 411 411 1 411 1 411 1 411 1 1 411 411 411 1 1 1 1 1 411 411 1 411 411 1 1 1 411 1 1 411 411 411 411 411 411 1 1 1 411 1 1 1 411 1 1 1 1 411 1 1 1 411 411 411 1 1 1 1 411 1 1 1 1 1 1 1 1 1 1 411 411 411 1 411 411 1 1 411 411 1 1 1 411 411 411 1 1 1 1 411 1 411 1 411 411 411 411 411 1 411 411 1 1 411 1 1 411 411 411 411 411 411 411 411 1 411 1 411 1 411 411 411 411 411 1 1 1 411 1 411 411 411 1 1 411 1 1 411 1 1 1 1 1 411 411 1 411 1 411 1 1 1 1 1 411 411 1 411 1 1 1 411 1 411 411 411 1 411 411 1 1 1 1 411 1 1 1 411 411 1 411 1 411 411 411 411 1 1 411 411 411 411 1 1 411 1 411 411 411 1 411 411 1 411 1 411 411 1 1 411 411 411 411 411 1 1 411 411 411 1 411 411 1 1 411 821 1 411 411 411 411 1 411 411 411 411 1 411 411 411 411 411 1 1 411 411 411 1 1 1 1 411 411 1 1 411 411 1 411 411 1 1 1 411 1 411 411 411 1 1 411 1 411 1 1 411 411 411 1 1 411 411 1 411 411 1 411 411 1 411 411 411 411 1 411 1 1 411 411 1 411 411 1 1 411 1 1 1 411 411 411 411 411 1 411 1 1 1 1 1 1 1 1 411 1 411 411 411 411 411 411 1 1 411 1 1 411 411 411 1 411 1 1 411 411 1 1 1 411 411 411 1 411 411 1 1 411 1 1 1 1 411 1 411 1 1 1 411 411 411 411 411 1 1 411 411 1 1 411 1 411 1 1 1 411 1 1 1 1 1 1 1 411 1 1 411 411 1 1 1 1 1 411 411 1 1 411 411 411 411 411 1 411 1 411 1 411 1 411 1 1 1 411 1 1 411 1 1 411 411 411 1 1 411 411 1 411 411 1 1 411 1 411 411 411 411 411 1 411 411 1 1 1 1 411 411 411 411 1 1 1 1 1 411 411 1 1 411 411 1 1 411 411 1 1 411 1 411 411 411 1 1 1 1 411 1 1 1 411 411 1 411 1 1 1 1 1 1 411 411 1 1 1 411 1 1 1 1 411 411 1 411 411 1 1 1 411 1 1 1 411 411 1 411 1 411 411 411 411 
! -------------------------------------------------------- 
