! Solving for graph /home/truongxuanhieu/CPLEX-CP-for-MinSpanLabeling/benchmarks/cabp/W-685_bus.mtx.rnd
! Target value is set to 142
! Lower bound is set to 143
! Upper bound is set to 857
! Time limit is set to 1800
! Vertices mode is set to Has hole
! Target value mode is set to Cyclic
 ! --------------------------------------------------- CP Optimizer 22.2.0.0 --
 ! Minimization problem - 686 variables, 1284 constraints, 1 phase
 ! TimeLimit            = 1800
 ! LogVerbosity         = Terse
 ! Initial process time : 0.04s (0.04s extraction + 0.00s propagation)
 !  . Log search space  : 6682.2 (before), 6682.2 (after)
 !  . Memory usage      : 2.8 MB (before), 2.8 MB (after)
 ! Using parallel search with 8 workers.
 ! ----------------------------------------------------------------------------
 !          Best Branches  Non-fixed    W       Branch decision
                        0        686                 -
 + New bound is 284
 *           852      704  0.15s        3      (gap is 66.67%)
 ! ----------------------------------------------------------------------------
 ! Search terminated by limit, 1 solution found.
 ! Best objective         : 852 (gap is 66.67%)
 ! Best bound             : 284
 ! ----------------------------------------------------------------------------
 ! Number of branches     : 153506353
 ! Number of fails        : 66855895
 ! Total memory usage     : 276.7 MB (275.4 MB CP Optimizer + 1.3 MB Concert)
 ! Time spent in solve    : 1800.04s (1800.01s engine + 0.04s extraction)
 ! Search speed (br. / s) : 85280.8
 ! ----------------------------------------------------------------------------
! --------------------------------------------------------
! Best span = 852
! Labeling: 285 285 143 285 143 1 285 285 302 1 143 1 1 143 143 285 143 143 143 1 427 1 143 143 1 285 427 1 427 285 143 143 285 143 1 1 143 143 143 1 143 143 143 143 1 143 143 143 143 1 427 285 143 1 1 1 427 1 143 285 285 143 143 143 143 569 1 143 143 569 1 285 143 1 285 143 569 143 1 143 143 569 143 285 1 1 143 285 143 285 285 285 1 1 1 143 427 285 143 143 285 143 143 1 1 285 1 143 143 285 1 143 1 1 285 1 143 143 1 285 569 285 143 1 143 143 1 285 1 1 427 1 1 143 1 427 1 143 285 1 285 427 427 1 285 1 1 1 1 1 1 1 285 285 143 285 143 1 1 1 1 285 427 285 1 1 285 1 143 551 1 285 143 569 143 143 143 1 1 1 285 143 143 1 1 285 285 1 143 143 1 1 143 285 143 285 143 1 285 1 1 427 1 1 285 1 1 1 143 143 143 285 143 1 143 427 143 143 285 1 143 285 143 285 143 285 143 143 1 143 143 143 143 143 143 143 143 1 1 143 143 427 285 1 285 285 143 143 285 1 143 1 143 1 427 1 285 143 1 285 1 1 1 143 143 1 285 569 1 569 143 1 1 143 1 1 143 1 1 285 1 285 285 427 1 143 143 285 1 1 427 285 1 143 1 285 143 1 143 143 1 143 1 143 143 143 1 285 1 1 1 143 569 285 285 1 285 143 143 1 427 143 143 285 143 711 285 143 1 285 569 285 1 427 143 143 427 1 1 143 1 143 1 143 427 143 1 1 1 1 1 1 1 143 143 1 1 569 1 285 1 285 1 427 1 1 285 427 1 143 1 1 1 143 1 143 143 427 1 143 143 143 143 143 143 285 143 285 143 1 1 285 1 285 1 427 1 285 427 1 1 285 285 1 285 1 711 285 1 143 143 1 143 143 285 285 143 285 143 1 1 143 285 285 1 285 1 143 1 1 143 285 143 143 1 1 143 427 1 1 285 143 143 285 1 1 1 143 143 1 1 285 285 1 143 1 285 143 1 569 569 143 1 1 1 1 1 1 1 143 427 285 1 711 143 143 143 1 143 569 285 143 1 143 143 1 285 143 1 1 285 427 285 143 1 143 1 1 427 143 1 143 143 1 143 285 285 285 1 427 1 1 1 143 1 143 285 1 143 1 427 143 1 143 143 1 569 285 143 427 427 143 427 143 1 143 285 285 1 285 1 143 285 143 285 143 174 1 1 1 1 1 285 143 427 143 1 1 143 1 1 285 143 1 143 427 1 143 1 1 1 285 1 1 1 285 1 1 1 852 427 143 285 143 1 1 143 1 1 1 285 143 143 143 143 427 1 285 285 1 427 285 1 427 285 285 143 285 427 143 1 1 143 143 427 285 143 1 1 1 143 143 285 427 285 1 285 427 143 285 285 143 569 1 143 1 285 1 1 1 1 1 1 1 143 285 143 143 1 1 143 143 1 1 285 285 1 1 1 143 1 1 143 143 285 1 143 1 1 1 1 143 285 285 285 285 285 711 427 1 285 1 1 1 1 
! -------------------------------------------------------- 
