! Solving for graph /home/truongxuanhieu/CPLEX-CP-for-MinSpanLabeling/benchmarks/cabp/X-can__715.mtx.rnd
! Target value is set to 126
! Lower bound is set to 127
! Upper bound is set to 894
! Time limit is set to 1800
! Vertices mode is set to Has hole
! Target value mode is set to Cyclic
 ! --------------------------------------------------- CP Optimizer 22.2.0.0 --
 ! Minimization problem - 716 variables, 2977 constraints, 1 phase
 ! TimeLimit            = 1800
 ! LogVerbosity         = Terse
 ! Initial process time : 0.08s (0.08s extraction + 0.00s propagation)
 !  . Log search space  : 7018.3 (before), 7018.3 (after)
 !  . Memory usage      : 5.6 MB (before), 5.6 MB (after)
 ! Using parallel search with 8 workers.
 ! ----------------------------------------------------------------------------
 !          Best Branches  Non-fixed    W       Branch decision
                        0        716                 -
 + New bound is 252
 *           894      733  0.26s        6      (gap is 71.81%)
 *           882     1515  0.33s        2      (gap is 71.43%)
 *           881     7646  0.67s        3      (gap is 71.40%)
 *           756     6139  0.67s        8      (gap is 66.67%)
 ! ----------------------------------------------------------------------------
 ! Search terminated by limit, 4 solutions found.
 ! Best objective         : 756 (gap is 66.67%)
 ! Best bound             : 252
 ! ----------------------------------------------------------------------------
 ! Number of branches     : 86909153
 ! Number of fails        : 39638385
 ! Total memory usage     : 334.6 MB (331.7 MB CP Optimizer + 2.9 MB Concert)
 ! Time spent in solve    : 1800.01s (1799.94s engine + 0.08s extraction)
 ! Search speed (br. / s) : 48284.5
 ! ----------------------------------------------------------------------------
! --------------------------------------------------------
! Best span = 756
! Labeling: 127 379 1 505 505 505 505 253 505 505 379 1 1 127 127 379 253 127 505 505 253 505 127 379 505 127 127 253 253 253 127 1 127 127 127 631 253 1 379 505 379 379 379 253 505 127 253 253 127 1 253 253 127 1 127 127 127 1 1 379 127 379 253 127 127 379 505 379 1 379 127 127 379 127 1 1 253 127 127 379 127 127 1 253 253 253 253 253 253 253 1 505 379 253 631 379 253 493 127 253 127 379 1 253 127 1 253 505 253 505 379 1 1 127 253 1 127 379 505 1 379 379 127 1 127 379 505 253 253 505 379 379 253 379 379 127 127 253 253 253 1 1 379 493 253 127 1 379 1 253 505 127 253 253 379 505 379 127 127 379 379 1 505 127 253 379 505 1 127 1 379 1 253 1 253 127 127 1 379 1 253 127 379 253 253 127 253 127 379 379 379 127 379 379 1 379 253 379 127 1 253 253 1 505 253 127 253 127 127 1 127 379 127 253 253 1 253 1 253 379 379 1 253 253 379 1 1 379 379 253 253 379 127 253 1 253 505 1 127 505 1 253 379 379 1 379 127 253 253 253 127 1 1 379 379 379 379 127 127 379 379 253 1 379 1 1 505 379 253 1 127 379 1 127 253 1 505 253 253 127 505 505 1 505 379 1 253 127 127 127 379 127 127 127 253 505 19 253 379 379 379 379 1 505 379 127 379 127 1 1 379 505 127 505 127 127 127 505 505 253 127 379 253 379 379 127 379 253 253 1 505 127 1 253 1 127 379 127 253 379 127 505 1 253 379 1 1 505 631 127 619 127 127 253 1 253 505 127 253 1 253 127 379 253 1 1 253 253 127 379 127 253 379 379 253 1 1 127 631 253 1 253 127 379 1 127 1 1 1 379 379 379 379 1 253 127 127 127 127 127 1 379 127 253 1 127 127 253 127 379 127 1 379 379 379 379 505 127 1 127 253 1 379 127 127 505 127 1 253 127 631 1 127 253 379 253 253 253 1 756 379 253 379 253 127 505 127 127 127 379 253 505 127 1 505 505 505 379 379 505 127 505 127 127 505 127 127 253 1 379 253 379 253 379 127 1 127 379 253 379 253 379 253 127 253 1 253 253 1 1 505 1 1 379 379 379 253 127 127 379 127 379 253 127 253 379 379 127 127 127 127 1 379 379 505 505 505 127 379 379 127 505 253 253 127 379 1 253 127 127 505 1 127 379 379 253 379 127 1 505 253 253 379 379 1 1 127 1 1 1 619 1 127 253 127 253 379 379 127 253 127 127 1 505 1 379 505 127 253 379 1 1 379 253 505 1 127 631 379 127 253 505 379 127 127 253 253 379 253 127 1 505 127 379 379 379 127 379 379 1 379 253 505 379 253 253 253 505 505 127 253 379 127 253 253 505 1 1 253 1 379 379 379 379 379 505 379 127 505 379 127 379 1 379 1 127 1 253 1 127 1 127 127 127 379 127 379 253 505 505 253 253 127 253 253 127 1 253 127 127 127 379 379 505 253 253 1 127 127 1 127 127 253 127 505 379 505 253 505 379 127 505 367 505 379 379 127 379 253 379 253 505 505 127 379 379 1 253 1 631 379 631 379 253 127 127 379 253 379 379 379 1 1 379 1 
! -------------------------------------------------------- 
