! Solving for graph /home/truongxuanhieu/CPLEX-CP-for-MinSpanLabeling/benchmarks/cabp/V-nos6.mtx.rnd
! Target value is set to 328
! Lower bound is set to 329
! Upper bound is set to 675
! Time limit is set to 1800
! Vertices mode is set to Has hole
! Target value mode is set to Cyclic Antibandwidth
 ! --------------------------------------------------- CP Optimizer 22.2.0.0 --
 ! Minimization problem - 676 variables, 1293 constraints, 1 phase
 ! TimeLimit            = 1800
 ! LogVerbosity         = Terse
 ! Initial process time : 0.03s (0.03s extraction + 0.00s propagation)
 !  . Log search space  : 6343.8 (before), 6343.8 (after)
 !  . Memory usage      : 2.9 MB (before), 2.9 MB (after)
 ! Using parallel search with 8 workers.
 ! ----------------------------------------------------------------------------
 !          Best Branches  Non-fixed    W       Branch decision
                        0        676                 -
 + New bound is 656
                       22        675    1   F   329 != _int372
 + New bound is 657
 *           657      697  0.12s        1      (gap is 0.00%)
 ! ----------------------------------------------------------------------------
 ! Search completed, 1 solution found.
 ! Best objective         : 657 (optimal - effective tol. is 0)
 ! Best bound             : 657
 ! ----------------------------------------------------------------------------
 ! Number of branches     : 6794
 ! Number of fails        : 1293
 ! Total memory usage     : 52.1 MB (50.8 MB CP Optimizer + 1.3 MB Concert)
 ! Time spent in solve    : 0.12s (0.09s engine + 0.03s extraction)
 ! Search speed (br. / s) : 75488.9
 ! ----------------------------------------------------------------------------
! --------------------------------------------------------
! Best span = 657
! Labeling: 329 329 329 1 329 1 1 329 329 1 1 329 1 1 1 329 1 329 1 329 329 1 329 1 329 329 1 1 329 1 329 329 1 1 1 329 1 329 329 1 329 1 329 1 329 329 1 329 329 1 329 329 329 1 1 1 1 329 1 1 329 1 1 329 329 1 1 1 1 329 329 329 329 1 1 329 329 329 1 329 329 1 1 1 329 1 1 1 1 329 329 329 1 329 1 1 329 329 329 329 1 329 329 329 329 329 329 1 329 329 329 329 329 329 329 1 329 1 1 1 1 329 1 1 329 329 329 1 1 1 329 329 329 1 329 1 1 329 329 1 1 329 329 1 1 1 329 329 1 329 1 329 1 329 1 1 329 329 329 1 1 1 1 1 329 329 1 329 329 1 1 1 329 1 1 329 329 329 329 329 329 1 1 1 329 1 1 1 329 1 1 1 1 329 1 1 1 329 329 329 1 1 1 1 329 1 1 1 1 1 1 1 1 1 1 329 329 329 1 329 329 1 1 329 329 1 1 1 329 329 329 1 1 1 1 329 1 329 1 329 329 329 329 329 1 329 329 1 1 329 1 1 329 329 329 329 329 329 329 329 1 329 1 329 1 329 329 329 329 329 1 1 1 329 1 329 329 329 1 1 329 1 1 329 1 1 1 1 1 329 329 1 329 1 329 1 1 1 1 1 329 329 1 329 1 1 1 329 1 329 329 329 1 329 329 1 1 1 1 329 1 1 1 329 329 1 329 1 329 329 329 329 1 1 329 329 329 329 1 1 329 1 329 329 329 1 329 329 1 329 1 329 329 1 1 329 329 329 329 329 1 1 329 329 329 1 329 329 1 1 329 657 1 329 329 329 329 1 329 329 329 329 1 329 329 329 329 329 1 1 329 329 329 1 1 1 1 329 329 1 1 329 329 1 329 329 1 1 1 329 1 329 329 329 1 1 329 1 329 1 1 329 329 329 1 1 329 329 1 329 329 1 329 329 1 329 329 329 329 1 329 1 1 329 329 1 329 329 1 1 329 1 1 1 329 329 329 329 329 1 329 1 1 1 1 1 1 1 1 329 1 329 329 329 329 329 329 1 1 329 1 1 329 329 329 1 329 1 1 329 329 1 1 1 329 329 329 1 329 329 1 1 329 1 1 1 1 329 1 329 1 1 1 329 329 329 329 329 1 1 329 329 1 1 329 1 329 1 1 1 329 1 1 1 1 1 1 1 329 1 1 329 329 1 1 1 1 1 329 329 1 1 329 329 329 329 329 1 329 1 329 1 329 1 329 1 1 1 329 1 1 329 1 1 329 329 329 1 1 329 329 1 329 329 1 1 329 1 329 329 329 329 329 1 329 329 1 1 1 1 329 329 329 329 1 1 1 1 1 329 329 1 1 329 329 1 1 329 329 1 1 329 1 329 329 329 1 1 1 1 329 1 1 1 329 329 1 329 1 1 1 1 1 1 329 329 1 1 1 329 1 1 1 1 329 329 1 329 329 1 1 1 329 1 1 1 329 329 1 329 1 329 329 329 329 
! -------------------------------------------------------- 
