! Solving for graph /home/truongxuanhieu/CPLEX-CP-for-MinSpanLabeling/benchmarks/cabp/W-685_bus.mtx.rnd
! Target value is set to 114
! Lower bound is set to 115
! Upper bound is set to 685
! Time limit is set to 1800
! Vertices mode is set to Has hole
! Target value mode is set to Cyclic
 ! --------------------------------------------------- CP Optimizer 22.2.0.0 --
 ! Minimization problem - 686 variables, 1284 constraints, 1 phase
 ! TimeLimit            = 1800
 ! LogVerbosity         = Terse
 ! Initial process time : 0.03s (0.03s extraction + 0.00s propagation)
 !  . Log search space  : 6460.5 (before), 6460.5 (after)
 !  . Memory usage      : 2.8 MB (before), 2.8 MB (after)
 ! Using parallel search with 8 workers.
 ! ----------------------------------------------------------------------------
 !          Best Branches  Non-fixed    W       Branch decision
                        0        686                 -
 + New bound is 228
 *           685      703  0.13s        3      (gap is 66.72%)
 *           684      704  0.13s        6      (gap is 66.67%)
 ! ----------------------------------------------------------------------------
 ! Search terminated by limit, 2 solutions found.
 ! Best objective         : 684 (gap is 66.67%)
 ! Best bound             : 228
 ! ----------------------------------------------------------------------------
 ! Number of branches     : 168296326
 ! Number of fails        : 74947314
 ! Total memory usage     : 264.1 MB (262.8 MB CP Optimizer + 1.3 MB Concert)
 ! Time spent in solve    : 1800.01s (1799.99s engine + 0.03s extraction)
 ! Search speed (br. / s) : 93499.0
 ! ----------------------------------------------------------------------------
! --------------------------------------------------------
! Best span = 684
! Labeling: 457 115 1 1 229 115 1 229 1 115 115 115 115 1 343 115 229 1 420 115 343 115 229 115 1 229 1 115 1 1 1 115 115 229 1 115 1 1 1 1 1 115 115 1 343 115 115 115 229 1 229 1 115 115 115 115 115 1 229 1 115 229 229 115 115 1 115 229 115 343 1 1 115 115 229 1 457 229 115 1 115 115 115 115 115 1 115 115 115 1 115 115 1 1 229 1 343 115 229 1 1 1 1 115 115 229 1 1 1 1 115 229 115 229 115 115 1 1 1 343 457 1 229 115 115 115 115 115 229 229 229 115 229 229 1 229 115 1 115 1 229 115 115 1 1 1 1 229 229 1 115 115 1 229 1 115 115 115 115 229 229 115 115 1 1 457 1 1 229 115 115 115 1 115 229 229 229 229 115 1 1 229 229 1 1 115 1 1 115 343 115 115 1 1 1 229 1 1 1 1 1 229 1 343 229 1 115 229 343 1 229 1 115 1 229 115 1 1 1 115 1 1 115 229 1 1 229 1 115 229 229 343 1 1 1 457 1 1 1 229 1 1 1 115 1 1 229 1 343 229 1 115 115 343 1 115 1 1 1 115 1 343 115 115 115 229 1 343 1 1 1 1 1 1 1 115 115 1 229 530 115 115 1 1 115 115 343 229 1 115 115 229 115 115 115 1 229 115 1 115 115 115 115 229 1 115 115 1 229 1 1 1 229 1 115 115 1 1 115 229 1 229 115 115 229 229 229 229 1 115 1 229 115 115 1 1 343 1 1 115 1 115 115 1 343 229 1 115 115 229 115 115 1 1 115 1 229 229 1 343 115 115 115 1 115 115 1 1 343 1 115 229 1 229 115 1 1 115 1 115 115 115 115 229 1 229 1 1 115 115 229 1 1 115 229 343 115 115 1 1 115 115 229 229 1 115 229 115 115 115 115 115 229 229 1 1 115 1 115 1 1 115 115 1 115 1 115 1 1 229 115 1 229 1 1 115 115 1 1 1 1 229 229 229 1 1 1 1 115 115 229 1 1 115 1 1 1 115 1 229 1 115 1 229 229 1 115 229 1 1 571 115 1 229 1 115 1 1 115 115 229 1 115 229 115 229 115 115 115 115 115 343 229 229 1 1 115 1 229 229 229 229 229 115 115 229 1 1 343 229 229 115 115 229 229 115 1 343 115 115 343 1 115 1 1 1 229 115 1 115 1 115 229 115 229 115 115 229 115 1 115 229 1 229 229 1 115 1 115 229 1 1 1 1 115 1 229 115 229 1 229 229 343 229 1 115 115 115 229 115 229 229 229 115 115 115 1 1 1 229 229 229 229 1 1 115 229 343 115 115 229 229 115 115 229 1 1 229 1 115 1 1 229 1 115 229 1 229 115 1 115 229 1 229 343 115 229 115 115 229 1 115 229 115 229 1 1 1 684 1 1 115 457 115 229 1 1 115 229 229 229 343 115 343 1 115 1 1 1 115 229 1 1 1 1 1 229 229 1 1 115 115 1 115 229 1 1 229 115 229 1 115 115 229 1 229 1 115 229 343 1 115 1 1 115 
! -------------------------------------------------------- 
