! Solving for graph /home/truongxuanhieu/CPLEX-CP-for-MinSpanLabeling/benchmarks/cabp/X-can__715.mtx.rnd
! Target value is set to 101
! Lower bound is set to 102
! Upper bound is set to 715
! Time limit is set to 1800
! Vertices mode is set to Has hole
! Target value mode is set to Cyclic Antibandwidth
 ! --------------------------------------------------- CP Optimizer 22.2.0.0 --
 ! Minimization problem - 716 variables, 2978 constraints, 1 phase
 ! TimeLimit            = 1800
 ! LogVerbosity         = Terse
 ! Initial process time : 0.08s (0.08s extraction + 0.00s propagation)
 !  . Log search space  : 6787.5 (before), 6787.5 (after)
 !  . Memory usage      : 5.7 MB (before), 5.7 MB (after)
 ! Using parallel search with 8 workers.
 ! ----------------------------------------------------------------------------
 !          Best Branches  Non-fixed    W       Branch decision
                        0        716                 -
 + New bound is 202
 *           695      734  0.24s        3      (gap is 70.94%)
 *           630      734  0.24s        6      (gap is 67.94%)
 *           629     4374  0.41s        3      (gap is 67.89%)
 *           613     4708  0.45s        5      (gap is 67.05%)
 *           612    10286  0.66s        6      (gap is 66.99%)
 *           606    16306  1.15s        5      (gap is 66.67%)
 ! ----------------------------------------------------------------------------
 ! Search terminated by limit, 6 solutions found.
 ! Best objective         : 606 (gap is 66.67%)
 ! Best bound             : 202
 ! ----------------------------------------------------------------------------
 ! Number of branches     : 127591096
 ! Number of fails        : 58484887
 ! Total memory usage     : 315.4 MB (312.5 MB CP Optimizer + 2.9 MB Concert)
 ! Time spent in solve    : 1800.09s (1800.02s engine + 0.08s extraction)
 ! Search speed (br. / s) : 70883.2
 ! ----------------------------------------------------------------------------
! --------------------------------------------------------
! Best span = 606
! Labeling: 1 304 1 203 405 1 405 1 102 203 1 102 304 506 102 304 506 102 1 102 304 102 102 405 1 102 304 304 304 405 405 203 1 1 102 1 304 203 203 203 405 304 203 203 203 102 405 102 102 203 304 203 405 1 102 102 1 1 203 405 506 405 203 203 102 304 1 1 405 102 405 102 203 1 1 304 1 102 405 203 102 102 203 405 405 304 203 203 405 304 304 102 203 506 1 102 405 102 203 203 506 304 1 304 1 304 405 1 203 304 405 304 1 203 203 102 102 1 203 203 405 102 102 203 102 304 405 304 203 203 102 405 203 422 405 405 304 102 102 405 1 1 405 102 102 506 1 304 405 203 1 405 203 203 304 203 102 1 304 102 405 405 1 203 405 304 1 102 304 405 102 405 1 405 405 304 203 102 102 1 203 405 1 102 203 1 203 102 405 405 102 102 102 405 203 203 203 405 405 203 203 304 102 304 1 102 203 102 405 304 506 405 304 203 304 405 1 102 1 102 203 102 203 304 1 203 1 1 1 203 203 405 405 1 203 405 1 1 1 1 405 203 304 102 102 405 102 304 1 203 102 203 405 304 102 506 102 1 304 102 102 304 1 405 203 1 304 304 405 1 405 1 203 102 304 203 203 102 203 203 203 203 203 1 304 203 203 102 102 422 405 102 102 102 203 203 405 1 304 203 102 102 203 1 405 102 203 304 506 203 304 1 102 1 1 102 102 203 203 405 405 304 405 405 304 102 203 102 1 203 203 405 102 203 203 1 405 304 203 102 1 203 203 304 405 1 1 1 506 405 203 304 102 304 203 304 506 304 102 1 304 102 203 405 102 1 203 203 405 405 1 1 1 405 405 1 405 1 102 102 203 304 422 304 102 102 1 203 1 405 1 102 203 203 203 405 102 405 405 405 203 304 203 405 203 405 1 102 102 1 102 304 203 203 304 304 1 102 304 1 304 102 203 506 102 203 102 1 304 1 405 203 304 1 203 405 304 203 203 102 102 506 304 1 102 405 102 405 304 304 203 1 405 102 203 1 1 1 102 405 304 506 102 405 1 1 102 203 203 102 1 102 1 102 405 304 405 102 203 1 203 102 304 102 405 203 102 203 405 1 1 203 405 304 405 506 405 102 102 405 405 304 203 102 203 405 405 102 1 405 304 102 405 102 405 102 506 1 304 102 102 203 1 405 102 102 1 405 304 304 1 203 102 304 405 1 102 102 304 203 102 405 405 102 304 102 1 203 102 203 1 304 422 405 405 304 102 102 304 1 304 102 102 405 203 102 102 304 203 304 1 203 203 203 102 304 405 1 102 304 304 102 1 304 102 1 405 405 203 304 102 405 405 405 1 422 304 203 102 203 405 304 203 1 304 203 304 203 1 102 304 304 405 203 405 1 203 203 203 405 203 1 1 405 102 102 304 405 304 102 405 506 304 102 304 405 1 405 203 606 304 1 102 203 304 304 102 102 203 1 1 203 102 405 203 102 1 102 102 405 304 102 203 1 405 304 203 203 1 304 102 405 203 102 102 102 1 203 102 102 405 405 304 203 405 304 203 102 203 102 405 102 203 102 1 102 102 321 203 1 304 1 506 405 102 405 1 203 102 304 102 304 1 203 304 
! -------------------------------------------------------- 
