! Solving for graph ../../../benchmarks/abp/V-nos6.mtx.rnd
! Target value is set to 489
 ! --------------------------------------------------- CP Optimizer 22.2.0.0 --
 ! Minimization problem - 676 variables, 1965 constraints, 1 phase
 ! TimeLimit            = 1800
 ! LogVerbosity         = Terse
 ! Initial process time : 0.02s (0.02s extraction + 0.00s propagation)
 !  . Log search space  : 6749.5 (before), 6749.5 (after)
 !  . Memory usage      : 1.0 MB (before), 1.0 MB (after)
 ! Using parallel search with 8 workers.
 ! ----------------------------------------------------------------------------
 !          Best Branches  Non-fixed    W       Branch decision
                        0        676                 -
 + New bound is 1
                        0        676    1   F        -
 + New bound is 490
 *           490        1  0.28s        1      (gap is 0.00%)
 ! ----------------------------------------------------------------------------
 ! Search completed, 1 solution found.
 ! Best objective         : 490 (optimal - effective tol. is 0)
 ! Best bound             : 490
 ! ----------------------------------------------------------------------------
 ! Number of branches     : 4009
 ! Number of fails        : 315
 ! Total memory usage     : 71.4 MB (70.7 MB CP Optimizer + 0.8 MB Concert)
 ! Time spent in solve    : 0.28s (0.26s engine + 0.02s extraction)
 ! Search speed (br. / s) : 15419.2
 ! ----------------------------------------------------------------------------
! --------------------------------------------------------
! Best span = 490
! Labeling: 1 1 1 490 1 490 490 1 1 490 490 1 490 490 490 1 490 1 490 1 1 490 1 490 1 1 490 490 1 490 1 1 490 490 490 1 490 1 1 490 1 490 1 490 1 1 490 1 1 490 1 1 1 490 490 490 490 1 490 490 1 490 490 1 1 490 490 490 490 1 1 1 1 490 490 1 1 1 490 1 1 490 490 490 1 490 490 490 490 1 1 1 490 1 490 490 1 1 1 1 490 1 1 1 1 1 1 490 1 1 1 1 1 1 1 490 1 490 490 490 490 1 490 490 1 1 1 490 490 490 1 1 1 490 1 490 490 1 1 490 490 1 1 490 490 490 1 1 490 1 490 1 490 1 490 490 1 1 1 490 490 490 490 490 1 1 490 1 1 490 490 490 1 490 490 1 1 1 1 1 1 490 490 490 1 490 490 490 1 490 490 490 490 1 490 490 490 1 1 1 490 490 490 490 1 490 490 490 490 490 490 490 490 490 490 1 1 1 490 1 1 490 490 1 1 490 490 490 1 1 1 490 490 490 490 1 490 1 490 1 1 1 1 1 490 1 1 490 490 1 490 490 1 1 1 1 1 1 1 1 490 1 490 1 490 1 1 1 1 1 490 490 490 1 490 1 1 1 490 490 1 490 490 1 490 490 490 490 490 1 1 490 1 490 1 490 490 490 490 490 1 1 490 1 490 490 490 1 490 1 1 1 490 1 1 490 490 490 490 1 490 490 490 1 1 490 1 490 1 1 1 1 490 490 1 1 1 1 490 490 1 490 1 1 1 490 1 1 490 1 490 1 1 490 490 1 1 1 1 1 490 490 1 1 1 490 1 1 490 490 1 490 490 1 1 1 1 490 1 1 1 1 490 1 1 1 1 1 490 490 1 1 1 490 490 490 490 1 1 490 490 1 1 490 1 1 490 490 490 1 490 1 1 1 490 490 1 490 1 490 490 1 1 1 490 490 1 1 490 1 1 490 1 1 490 1 1 1 1 490 1 490 490 1 1 490 1 1 490 490 1 490 490 490 1 1 1 1 1 490 1 490 490 490 490 490 490 490 490 1 490 1 1 1 1 1 1 490 490 1 490 490 1 1 1 490 1 490 490 1 1 490 490 490 1 1 1 490 1 1 490 490 1 490 490 490 490 1 490 1 490 490 490 1 1 1 1 1 490 490 1 1 490 490 1 490 1 490 490 490 1 490 490 490 490 490 490 490 1 490 490 1 1 490 490 490 490 490 1 1 490 490 1 1 1 1 1 490 1 490 1 490 1 490 1 490 490 490 1 490 490 1 490 490 1 1 1 490 490 1 1 490 1 1 490 490 1 490 1 1 1 1 1 490 1 1 490 490 490 490 1 1 1 1 490 490 490 490 490 1 1 490 490 1 1 490 490 1 1 490 490 1 490 1 1 1 490 490 490 490 1 490 490 490 1 1 490 1 490 490 490 490 490 490 1 1 490 490 490 1 490 490 490 490 1 1 490 1 1 490 490 490 1 490 490 490 1 1 490 1 490 1 1 1 1 
! -------------------------------------------------------- 
