! Solving for graph ../../../benchmarks/abp/V-nos6.mtx.rnd
! Target value is set to 245
 ! --------------------------------------------------- CP Optimizer 22.2.0.0 --
 ! Minimization problem - 676 variables, 1965 constraints, 1 phase
 ! TimeLimit            = 1800
 ! LogVerbosity         = Terse
 ! Initial process time : 0.02s (0.02s extraction + 0.00s propagation)
 !  . Log search space  : 6353.6 (before), 6353.6 (after)
 !  . Memory usage      : 1.0 MB (before), 1.0 MB (after)
 ! Using parallel search with 8 workers.
 ! ----------------------------------------------------------------------------
 !          Best Branches  Non-fixed    W       Branch decision
                        0        676                 -
 + New bound is 1
                        0        676    1   F        -
 + New bound is 246
 *           246        1  0.17s        1      (gap is 0.00%)
 ! ----------------------------------------------------------------------------
 ! Search completed, 1 solution found.
 ! Best objective         : 246 (optimal - effective tol. is 0)
 ! Best bound             : 246
 ! ----------------------------------------------------------------------------
 ! Number of branches     : 4009
 ! Number of fails        : 275
 ! Total memory usage     : 48.3 MB (47.5 MB CP Optimizer + 0.8 MB Concert)
 ! Time spent in solve    : 0.17s (0.15s engine + 0.02s extraction)
 ! Search speed (br. / s) : 26726.7
 ! ----------------------------------------------------------------------------
! --------------------------------------------------------
! Best span = 246
! Labeling: 1 1 1 246 1 246 246 1 1 246 246 1 246 246 246 1 246 1 246 1 1 246 1 246 1 1 246 246 1 246 1 1 246 246 246 1 246 1 1 246 1 246 1 246 1 1 246 1 1 246 1 1 1 246 246 246 246 1 246 246 1 246 246 1 1 246 246 246 246 1 1 1 1 246 246 1 1 1 246 1 1 246 246 246 1 246 246 246 246 1 1 1 246 1 246 246 1 1 1 1 246 1 1 1 1 1 1 246 1 1 1 1 1 1 1 246 1 246 246 246 246 1 246 246 1 1 1 246 246 246 1 1 1 246 1 246 246 1 1 246 246 1 1 246 246 246 1 1 246 1 246 1 246 1 246 246 1 1 1 246 246 246 246 246 1 1 246 1 1 246 246 246 1 246 246 1 1 1 1 1 1 246 246 246 1 246 246 246 1 246 246 246 246 1 246 246 246 1 1 1 246 246 246 246 1 246 246 246 246 246 246 246 246 246 246 1 1 1 246 1 1 246 246 1 1 246 246 246 1 1 1 246 246 246 246 1 246 1 246 1 1 1 1 1 246 1 1 246 246 1 246 246 1 1 1 1 1 1 1 1 246 1 246 1 246 1 1 1 1 1 246 246 246 1 246 1 1 1 246 246 1 246 246 1 246 246 246 246 246 1 1 246 1 246 1 246 246 246 246 246 1 1 246 1 246 246 246 1 246 1 1 1 246 1 1 246 246 246 246 1 246 246 246 1 1 246 1 246 1 1 1 1 246 246 1 1 1 1 246 246 1 246 1 1 1 246 1 1 246 1 246 1 1 246 246 1 1 1 1 1 246 246 1 1 1 246 1 1 246 246 1 246 246 1 1 1 1 246 1 1 1 1 246 1 1 1 1 1 246 246 1 1 1 246 246 246 246 1 1 246 246 1 1 246 1 1 246 246 246 1 246 1 1 1 246 246 1 246 1 246 246 1 1 1 246 246 1 1 246 1 1 246 1 1 246 1 1 1 1 246 1 246 246 1 1 246 1 1 246 246 1 246 246 246 1 1 1 1 1 246 1 246 246 246 246 246 246 246 246 1 246 1 1 1 1 1 1 246 246 1 246 246 1 1 1 246 1 246 246 1 1 246 246 246 1 1 1 246 1 1 246 246 1 246 246 246 246 1 246 1 246 246 246 1 1 1 1 1 246 246 1 1 246 246 1 246 1 246 246 246 1 246 246 246 246 246 246 246 1 246 246 1 1 246 246 246 246 246 1 1 246 246 1 1 1 1 1 246 1 246 1 246 1 246 1 246 246 246 1 246 246 1 246 246 1 1 1 246 246 1 1 246 1 1 246 246 1 246 1 1 1 1 1 246 1 1 246 246 246 246 1 1 1 1 246 246 246 246 246 1 1 246 246 1 1 246 246 1 1 246 246 1 246 1 1 1 246 246 246 246 1 246 246 246 1 1 246 1 246 246 246 246 246 246 1 1 246 246 246 1 246 246 246 246 1 1 246 1 1 246 246 246 1 246 246 246 1 1 246 1 246 1 1 1 1 
! -------------------------------------------------------- 
