! Solving for graph /home/truongxuanhieu/CPLEX-CP-for-MinSpanLabeling/benchmarks/cabp/W-685_bus.mtx.rnd
! Target value is set to 85
! Lower bound is set to 86
! Upper bound is set to 513
! Time limit is set to 1800
! Vertices mode is set to No hole
! Target value mode is set to Cyclic Antibandwidth
 ! --------------------------------------------------- CP Optimizer 22.2.0.0 --
 ! Minimization problem - 686 variables, 2309 constraints, 1 phase
 ! Presolve      : 513 extractables eliminated, 1 constraint generated
 ! TimeLimit            = 1800
 ! LogVerbosity         = Terse
 ! Initial process time : 0.09s (0.09s extraction + 0.00s propagation)
 !  . Log search space  : 6174.4 (before), 6174.4 (after)
 !  . Memory usage      : 3.4 MB (before), 3.4 MB (after)
 ! Using parallel search with 8 workers.
 ! ----------------------------------------------------------------------------
 !          Best Branches  Non-fixed    W       Branch decision
                        0        686                 -
 + New bound is 170
                      170        685    1   F    85 != _int172
 + New bound is 171
 *           513     2614  1.15s        8      (gap is 66.67%)
 *           511    18505  3.92s        3      (gap is 66.54%)
 *           510    14028  5.76s        4      (gap is 66.47%)
             510     194k        682    4   F     6 != _int315
 + New bound is 177 (gap is 65.29%)
             510     194k        682    4   F     7 != _int315
 + New bound is 178 (gap is 65.10%)
             510     227k        685    1   F     8 != _int317
 + New bound is 179 (gap is 64.90%)
             510     207k        682    7   F    94 != _int317
 + New bound is 180 (gap is 64.71%)
             510     225k        683    2   F    10 != _int318
 + New bound is 181 (gap is 64.51%)
             510     534k        684    4   F    11 != _int315
 + New bound is 182 (gap is 64.31%)
 ! ----------------------------------------------------------------------------
 ! Search terminated by limit, 3 solutions found.
 ! Best objective         : 510 (gap is 64.31%)
 ! Best bound             : 182
 ! ----------------------------------------------------------------------------
 ! Number of branches     : 102774540
 ! Number of fails        : 45532010
 ! Total memory usage     : 392.9 MB (387.9 MB CP Optimizer + 5.0 MB Concert)
 ! Time spent in solve    : 1800.10s (1800.01s engine + 0.09s extraction)
 ! Search speed (br. / s) : 57096.6
 ! ----------------------------------------------------------------------------
! --------------------------------------------------------
! Best span = 510
! Labeling: 437 442 451 364 302 264 369 239 14 298 278 23 171 415 212 171 86 310 275 432 510 132 402 453 5 269 204 184 87 396 88 501 347 189 461 60 239 349 38 478 114 438 175 86 510 480 367 366 171 87 418 361 249 257 488 451 1 322 284 8 271 465 42 297 421 86 469 314 130 276 140 51 174 318 279 88 487 30 273 105 440 482 102 192 233 237 111 356 89 185 312 75 416 43 207 335 86 209 134 464 86 87 425 479 483 366 333 354 382 434 231 341 98 2 202 280 86 171 87 194 86 176 443 207 276 218 374 497 387 365 366 476 177 133 472 331 386 63 106 142 368 383 86 430 235 165 282 86 57 423 302 328 46 341 255 401 238 138 1 315 507 391 484 87 66 489 205 272 316 86 453 448 59 1 128 160 210 28 1 228 394 255 392 31 155 353 359 261 258 171 139 78 231 329 29 471 253 147 200 18 455 381 506 342 502 344 401 104 172 86 172 1 368 225 379 327 306 376 241 150 420 268 447 172 136 426 449 463 400 398 86 171 239 299 453 21 207 226 124 352 22 256 197 120 143 198 364 74 171 379 411 53 64 499 346 85 293 234 83 26 50 3 167 355 435 358 168 101 183 257 171 109 135 141 362 500 509 296 207 424 78 54 498 45 40 116 405 290 470 86 4 395 47 485 298 1 146 86 384 211 252 119 330 171 6 62 283 12 231 295 301 433 101 1 1 25 220 239 172 126 348 117 390 350 141 388 281 230 444 239 15 481 1 410 2 345 171 215 127 158 493 341 108 457 86 436 248 99 377 145 219 32 172 86 87 324 425 171 429 494 378 20 1 254 286 100 113 77 307 274 304 393 97 161 239 2 242 200 419 19 420 180 218 303 450 232 294 221 431 413 245 233 474 270 1 86 171 340 427 191 491 1 332 343 407 206 383 467 452 305 239 137 172 171 408 339 468 255 152 121 144 44 239 385 87 172 462 326 71 319 505 171 267 196 163 321 34 389 164 33 13 86 289 239 375 159 288 122 503 173 39 363 458 188 291 86 149 52 451 172 81 156 477 207 96 370 260 245 27 439 446 263 266 361 217 380 58 300 56 34 313 11 247 199 69 1 174 460 107 80 1 171 190 372 325 7 224 459 371 68 336 458 203 1 305 86 171 182 496 86 115 92 243 213 128 126 65 374 311 259 446 193 90 409 154 162 285 292 171 1 86 255 103 148 246 179 308 403 250 86 195 208 450 406 169 129 412 166 341 84 504 357 10 118 86 186 432 178 86 492 1 334 67 475 95 17 72 171 61 240 466 171 255 1 151 323 16 222 181 424 454 209 429 338 414 94 70 96 229 277 209 9 445 287 337 76 93 86 206 123 73 187 3 171 79 508 86 351 428 256 265 371 112 35 227 170 223 2 25 441 486 86 255 360 82 317 216 86 86 41 255 125 92 86 309 37 49 490 262 456 373 86 2 342 48 153 91 86 2 24 201 171 239 36 86 422 495 339 52 404 86 84 157 182 417 110 399 236 244 337 308 320 187 86 87 473 397 312 437 55 251 131 214 341 425 
! -------------------------------------------------------- 
