! Solving for graph ../../../benchmarks/raw/linear/V-nos6.mtx.rnd
! Target value is set to 408
! No predefined lower bound found. Lower bound is set to 1
! No predefined upper bound found. Upper bound is set to 274993
 ! --------------------------------------------------- CP Optimizer 22.2.0.0 --
 ! Minimization problem - 676 variables, 1965 constraints, 1 phase
 ! TimeLimit            = 150
 ! LogVerbosity         = Verbose
 ! Initial process time : 0.03s (0.03s extraction + 0.00s propagation)
 !  . Log search space  : 12214.7 (before), 12214.7 (after)
 !  . Memory usage      : 1.0 MB (before), 1.0 MB (after)
 ! Using parallel search with 8 workers.
 ! ----------------------------------------------------------------------------
 !          Best Branches  Non-fixed    W       Branch decision
                        0        676                 -
 + New bound is 1
                        0        676    1   F        -
 + New bound is 409
 *           409        1  0.58s        1      (gap is 0.00%)
 ! ----------------------------------------------------------------------------
 ! Search completed, 1 solution found.
 ! Best objective         : 409 (optimal - effective tol. is 0)
 ! Best bound             : 409
 ! ----------------------------------------------------------------------------
 ! Number of branches     : 4008
 ! Number of fails        : 92
 ! Total memory usage     : 178.3 MB (177.5 MB CP Optimizer + 0.8 MB Concert)
 ! Time spent in solve    : 0.58s (0.56s engine + 0.03s extraction)
 ! Search speed (br. / s) : 7287.3
 ! ----------------------------------------------------------------------------
! --------------------------------------------------------
! Best span = 409
! Labeling: 1 1 1 409 1 409 409 1 1 409 409 1 409 409 409 1 409 1 409 1 1 409 1 409 1 1 409 409 1 409 1 1 409 409 409 1 409 1 1 409 1 409 1 409 1 1 409 1 1 409 1 1 1 409 409 409 409 1 409 409 1 409 409 1 1 409 409 409 409 1 1 1 1 409 409 1 1 1 409 1 1 409 409 409 1 409 409 409 409 1 1 1 409 1 409 409 1 1 1 1 409 1 1 1 1 1 1 409 1 1 1 1 1 1 1 409 1 409 409 409 409 1 409 409 1 1 1 409 409 409 1 1 1 409 1 409 409 1 1 409 409 1 1 409 409 409 1 1 409 1 409 1 409 1 409 409 1 1 1 409 409 409 409 409 1 1 409 1 1 409 409 409 1 409 409 1 1 1 1 1 1 409 409 409 1 409 409 409 1 409 409 409 409 1 409 409 409 1 1 1 409 409 409 409 1 409 409 409 409 409 409 409 409 409 409 1 1 1 409 1 1 409 409 1 1 409 409 409 1 1 1 409 409 409 409 1 409 1 409 1 1 1 1 1 409 1 1 409 409 1 409 409 1 1 1 1 1 1 1 1 409 1 409 1 409 1 1 1 1 1 409 409 409 1 409 1 1 1 409 409 1 409 409 1 409 409 409 409 409 1 1 409 1 409 1 409 409 409 409 409 1 1 409 1 409 409 409 1 409 1 1 1 409 1 1 409 409 409 409 1 409 409 409 1 1 409 1 409 1 1 1 1 409 409 1 1 1 1 409 409 1 409 1 1 1 409 1 1 409 1 409 1 1 409 409 1 1 1 1 1 409 409 1 1 1 409 1 1 409 409 1 409 409 1 1 1 1 409 1 1 1 1 409 1 1 1 1 1 409 409 1 1 1 409 409 409 409 1 1 409 409 1 1 409 1 1 409 409 409 1 409 1 1 1 409 409 1 409 1 409 409 1 1 1 409 409 1 1 409 1 1 409 1 1 409 1 1 1 1 409 1 409 409 1 1 409 1 1 409 409 1 409 409 409 1 1 1 1 1 409 1 409 409 409 409 409 409 409 409 1 409 1 1 1 1 1 1 409 409 1 409 409 1 1 1 409 1 409 409 1 1 409 409 409 1 1 1 409 1 1 409 409 1 409 409 409 409 1 409 1 409 409 409 1 1 1 1 1 409 409 1 1 409 409 1 409 1 409 409 409 1 409 409 409 409 409 409 409 1 409 409 1 1 409 409 409 409 409 1 1 409 409 1 1 1 1 1 409 1 409 1 409 1 409 1 409 409 409 1 409 409 1 409 409 1 1 1 409 409 1 1 409 1 1 409 409 1 409 1 1 1 1 1 409 1 1 409 409 409 409 1 1 1 1 409 409 409 409 409 1 1 409 409 1 1 409 409 1 1 409 409 1 409 1 1 1 409 409 409 409 1 409 409 409 1 1 409 1 409 409 409 409 409 409 1 1 409 409 409 1 409 409 409 409 1 1 409 1 1 409 409 409 1 409 409 409 1 1 409 1 409 1 1 1 1 
! -------------------------------------------------------- 
