! Solving for graph /home/truongxuanhieu/CPLEX-CP-for-MinSpanLabeling/benchmarks/abp/T-dwt__592.mtx.rnd
! Target value is set to 141
! Lower bound is set to 142
! Upper bound is set to 740
! Time limit is set to 1800
! Vertices mode is set to Has hole
 ! --------------------------------------------------- CP Optimizer 22.2.0.0 --
 ! Minimization problem - 593 variables, 2849 constraints, 1 phase
 ! TimeLimit            = 1800
 ! LogVerbosity         = Terse
 ! Initial process time : 0.03s (0.03s extraction + 0.00s propagation)
 !  . Log search space  : 5650.8 (before), 5650.8 (after)
 !  . Memory usage      : 1.2 MB (before), 1.2 MB (after)
 ! Using parallel search with 8 workers.
 ! ----------------------------------------------------------------------------
 !          Best Branches  Non-fixed    W       Branch decision
                        0        593                 -
 + New bound is 142
                        2        592    1   F     1 != _int423
 + New bound is 143
 *           565      595  0.14s        1      (gap is 74.69%)
 *           505     4064  0.62s        6      (gap is 71.68%)
 *           424     4636  0.66s        6      (gap is 66.27%)
             424    45289        589    1   F        -
 + New bound is 153 (gap is 63.92%)
             424    45289        589    1   F        -
 + New bound is 154 (gap is 63.68%)
             424    40822        570    2   F        -
 + New bound is 155 (gap is 63.44%)
             424    49010        591    7   F        -
 + New bound is 156 (gap is 63.21%)
             424    64021        484    1   F        -
 + New bound is 157 (gap is 62.97%)
             424    64763        484    1            -
 + New bound is 424 (gap is 0.00%)
 ! ----------------------------------------------------------------------------
 ! Search completed, 3 solutions found.
 ! Best objective         : 424 (optimal - effective tol. is 0)
 ! Best bound             : 424
 ! ----------------------------------------------------------------------------
 ! Number of branches     : 633284
 ! Number of fails        : 295414
 ! Total memory usage     : 64.0 MB (62.7 MB CP Optimizer + 1.2 MB Concert)
 ! Time spent in solve    : 4.54s (4.51s engine + 0.03s extraction)
 ! Search speed (br. / s) : 140417.7
 ! ----------------------------------------------------------------------------
! --------------------------------------------------------
! Best span = 424
! Labeling: 283 1 424 1 1 142 424 283 424 424 283 283 424 142 1 1 142 283 283 1 424 424 142 1 424 424 1 1 424 1 142 283 424 283 142 424 1 283 142 1 142 142 283 283 142 283 1 424 142 142 142 142 142 424 283 142 424 283 283 142 424 1 142 142 142 283 1 1 142 142 424 283 283 1 142 283 424 283 142 424 1 283 1 1 142 142 424 424 283 283 283 424 1 1 424 142 283 424 1 283 283 424 142 283 1 283 1 283 424 283 142 142 283 142 1 424 424 424 142 283 424 1 283 283 424 1 1 142 142 424 142 424 424 1 1 1 283 1 424 283 283 1 424 1 142 142 1 1 283 283 424 142 424 142 1 1 142 142 142 142 283 1 142 1 142 283 424 142 424 1 142 142 283 1 283 424 424 424 1 142 142 283 1 283 142 142 142 1 283 283 283 283 424 1 424 283 142 424 424 1 424 1 1 1 283 1 424 283 424 1 283 1 424 283 424 142 283 1 424 424 142 1 283 142 1 142 1 1 142 424 424 1 1 283 142 283 283 142 1 142 142 424 424 1 424 142 142 283 142 1 1 283 283 283 283 1 142 283 424 142 142 142 424 142 1 142 1 283 142 283 1 1 283 424 1 283 283 142 424 1 424 424 1 283 142 283 424 283 424 142 1 1 424 424 142 424 283 1 283 142 283 1 283 142 283 142 142 142 283 283 424 424 1 424 424 1 424 424 142 424 142 142 424 1 283 1 283 142 142 1 424 1 142 142 283 142 424 283 283 1 283 142 142 424 424 142 1 424 142 283 142 424 283 424 1 1 142 142 424 424 283 283 424 283 142 142 283 283 142 424 283 424 283 283 424 424 283 283 424 424 1 142 142 1 1 1 424 283 142 1 424 142 424 424 142 283 424 283 283 1 142 424 424 283 424 283 283 1 424 1 424 424 1 424 283 142 283 1 142 283 424 1 1 424 142 142 142 1 142 424 424 1 424 1 283 283 142 142 424 1 283 424 424 424 283 283 142 1 1 283 283 142 283 142 283 1 1 424 142 424 142 1 283 142 1 142 1 283 283 283 424 424 142 424 424 283 283 424 142 283 142 283 424 424 1 142 1 1 142 142 1 142 1 1 142 1 424 1 424 283 424 1 1 1 1 283 1 283 1 1 424 424 1 424 424 142 1 1 1 283 142 142 1 283 142 424 283 424 1 1 283 1 424 142 1 283 142 142 424 1 283 283 1 142 142 142 424 1 1 1 1 283 1 142 424 424 283 283 1 1 1 142 424 424 142 283 424 424 424 142 1 424 1 1 424 424 283 424 424 283 142 283 424 283 142 424 283 1 283 142 283 283 
! -------------------------------------------------------- 
