! Solving for graph /home/truongxuanhieu/CPLEX-CP-for-MinSpanLabeling/benchmarks/abp/V-nos6.mtx.rnd
! Target value is set to 411
! Lower bound is set to 412
! Upper bound is set to 844
! Time limit is set to 1800
! Vertices mode is set to Has hole
 ! --------------------------------------------------- CP Optimizer 22.2.0.0 --
 ! Minimization problem - 676 variables, 1966 constraints, 1 phase
 ! TimeLimit            = 1800
 ! LogVerbosity         = Terse
 ! Initial process time : 0.01s (0.01s extraction + 0.00s propagation)
 !  . Log search space  : 6565.8 (before), 6565.8 (after)
 !  . Memory usage      : 1.0 MB (before), 1.0 MB (after)
 ! Using parallel search with 8 workers.
 ! ----------------------------------------------------------------------------
 !          Best Branches  Non-fixed    W       Branch decision
                        0        676                 -
 + New bound is 412
 *           412        1  0.17s        1      (gap is 0.00%)
 ! ----------------------------------------------------------------------------
 ! Search completed, 1 solution found.
 ! Best objective         : 412 (optimal - effective tol. is 0)
 ! Best bound             : 412
 ! ----------------------------------------------------------------------------
 ! Number of branches     : 4009
 ! Number of fails        : 430
 ! Total memory usage     : 64.1 MB (63.3 MB CP Optimizer + 0.8 MB Concert)
 ! Time spent in solve    : 0.17s (0.17s engine + 0.01s extraction)
 ! Search speed (br. / s) : 25056.2
 ! ----------------------------------------------------------------------------
! --------------------------------------------------------
! Best span = 412
! Labeling: 1 1 1 412 1 412 412 1 1 412 412 1 412 412 412 1 412 1 412 1 1 412 1 412 1 1 412 412 1 412 1 1 412 412 412 1 412 1 1 412 1 412 1 412 1 1 412 1 1 412 1 1 1 412 412 412 412 1 412 412 1 412 412 1 1 412 412 412 412 1 1 1 1 412 412 1 1 1 412 1 1 412 412 412 1 412 412 412 412 1 1 1 412 1 412 412 1 1 1 1 412 1 1 1 1 1 1 412 1 1 1 1 1 1 1 412 1 412 412 412 412 1 412 412 1 1 1 412 412 412 1 1 1 412 1 412 412 1 1 412 412 1 1 412 412 412 1 1 412 1 412 1 412 1 412 412 1 1 1 412 412 412 412 412 1 1 412 1 1 412 412 412 1 412 412 1 1 1 1 1 1 412 412 412 1 412 412 412 1 412 412 412 412 1 412 412 412 1 1 1 412 412 412 412 1 412 412 412 412 412 412 412 412 412 412 1 1 1 412 1 1 412 412 1 1 412 412 412 1 1 1 412 412 412 412 1 412 1 412 1 1 1 1 1 412 1 1 412 412 1 412 412 1 1 1 1 1 1 1 1 412 1 412 1 412 1 1 1 1 1 412 412 412 1 412 1 1 1 412 412 1 412 412 1 412 412 412 412 412 1 1 412 1 412 1 412 412 412 412 412 1 1 412 1 412 412 412 1 412 1 1 1 412 1 1 412 412 412 412 1 412 412 412 1 1 412 1 412 1 1 1 1 412 412 1 1 1 1 412 412 1 412 1 1 1 412 1 1 412 1 412 1 1 412 412 1 1 1 1 1 412 412 1 1 1 412 1 1 412 412 1 412 412 1 1 1 1 412 1 1 1 1 412 1 1 1 1 1 412 412 1 1 1 412 412 412 412 1 1 412 412 1 1 412 1 1 412 412 412 1 412 1 1 1 412 412 1 412 1 412 412 1 1 1 412 412 1 1 412 1 1 412 1 1 412 1 1 1 1 412 1 412 412 1 1 412 1 1 412 412 1 412 412 412 1 1 1 1 1 412 1 412 412 412 412 412 412 412 412 1 412 1 1 1 1 1 1 412 412 1 412 412 1 1 1 412 1 412 412 1 1 412 412 412 1 1 1 412 1 1 412 412 1 412 412 412 412 1 412 1 412 412 412 1 1 1 1 1 412 412 1 1 412 412 1 412 1 412 412 412 1 412 412 412 412 412 412 412 1 412 412 1 1 412 412 412 412 412 1 1 412 412 1 1 1 1 1 412 1 412 1 412 1 412 1 412 412 412 1 412 412 1 412 412 1 1 1 412 412 1 1 412 1 1 412 412 1 412 1 1 1 1 1 412 1 1 412 412 412 412 1 1 1 1 412 412 412 412 412 1 1 412 412 1 1 412 412 1 1 412 412 1 412 1 1 1 412 412 412 412 1 412 412 412 1 1 412 1 412 412 412 412 412 412 1 1 412 412 412 1 412 412 412 412 1 1 412 1 1 412 412 412 1 412 412 412 1 1 412 1 412 1 1 1 1 
! -------------------------------------------------------- 
