! Solving for graph ../../../benchmarks/linear/T-dwt__592.mtx.rnd
! Target value is set to 104
 ! --------------------------------------------------- CP Optimizer 22.2.0.0 --
 ! Minimization problem - 593 variables, 2848 constraints, 1 phase
 ! TimeLimit            = 1800
 ! LogVerbosity         = Terse
 ! Initial process time : 0.03s (0.03s extraction + 0.00s propagation)
 !  . Log search space  : 5461.2 (before), 5461.2 (after)
 !  . Memory usage      : 1.2 MB (before), 1.2 MB (after)
 ! Using parallel search with 8 workers.
 ! ----------------------------------------------------------------------------
 !          Best Branches  Non-fixed    W       Branch decision
                        0        593                 -
 + New bound is 1
                        0        593    1   F        -
 + New bound is 105
                        2        592    1   F     1 != _int423
 + New bound is 106
 *           521      590  0.22s        1      (gap is 79.65%)
 *           313      595  0.22s        4      (gap is 66.13%)
             313    10643        240    2   F   104 != _int296
 + New bound is 210 (gap is 32.91%)
             313     210k        593    7   F   111 != _int296
 + New bound is 216 (gap is 30.99%)
             313     292k        592    2   F   117 != _int298
 + New bound is 222 (gap is 29.07%)
             313     335k        470    7   F   129 != _int298
 + New bound is 234 (gap is 25.24%)
             313     404k        591    4   F    31 != _int356
 + New bound is 240 (gap is 23.32%)
             313     372k        591    7            -
 + New bound is 313 (gap is 0.00%)
 ! ----------------------------------------------------------------------------
 ! Search completed, 2 solutions found.
 ! Best objective         : 313 (optimal - effective tol. is 0)
 ! Best bound             : 313
 ! ----------------------------------------------------------------------------
 ! Number of branches     : 3705984
 ! Number of fails        : 1670476
 ! Total memory usage     : 83.6 MB (82.4 MB CP Optimizer + 1.2 MB Concert)
 ! Time spent in solve    : 63.25s (63.23s engine + 0.03s extraction)
 ! Search speed (br. / s) : 58620.4
 ! ----------------------------------------------------------------------------
! --------------------------------------------------------
! Best span = 313
! Labeling: 105 1 313 1 1 209 313 105 313 313 105 105 313 209 1 1 209 105 105 1 313 313 209 1 313 313 1 1 313 1 209 105 313 105 209 313 1 105 209 1 209 209 105 105 209 105 1 313 209 209 209 209 209 313 105 209 313 105 105 209 313 1 209 209 209 105 1 1 209 209 313 105 105 1 209 105 313 105 209 313 1 105 1 1 209 209 313 313 105 105 105 313 1 1 313 209 105 313 1 105 105 313 209 105 1 105 1 105 313 105 209 209 105 209 1 313 313 313 209 105 313 1 105 105 313 1 1 209 209 313 209 313 313 1 1 1 105 1 313 105 105 1 313 1 209 209 1 1 105 105 313 209 313 209 1 1 209 209 209 209 105 1 209 1 209 105 313 209 313 1 209 209 105 1 105 313 313 313 1 209 209 105 1 105 209 209 209 1 105 105 105 105 313 1 313 105 209 313 313 1 313 1 1 1 105 1 313 105 313 1 105 1 313 105 313 209 105 1 313 313 209 1 105 209 1 209 1 1 209 313 313 1 1 105 209 105 105 209 1 209 209 313 313 1 313 209 209 105 209 1 1 105 105 105 105 1 209 105 313 209 209 209 313 209 1 209 1 105 209 105 1 1 105 313 1 105 105 209 313 1 313 313 1 105 209 105 313 105 313 209 1 1 313 313 209 313 105 1 105 209 105 1 105 209 105 209 209 209 105 105 313 313 1 313 313 1 313 313 209 313 209 209 313 1 105 1 105 209 209 1 313 1 209 209 105 209 313 105 105 1 105 209 209 313 313 209 1 313 209 105 209 313 105 313 1 1 209 209 313 313 105 105 313 105 209 209 105 105 209 313 105 313 105 105 313 313 105 105 313 313 1 209 209 1 1 1 313 105 209 1 313 209 313 313 209 105 313 105 105 1 209 313 313 105 313 105 105 1 313 1 313 313 1 313 105 209 105 1 209 105 313 1 1 313 209 209 209 1 209 313 313 1 313 1 105 105 209 209 313 1 105 313 313 313 105 105 209 1 1 105 105 209 105 209 105 1 1 313 209 313 209 1 105 209 1 209 1 105 105 105 313 313 209 313 313 105 105 313 209 105 209 105 313 313 1 209 1 1 209 209 1 209 1 1 209 1 313 1 313 105 313 1 1 1 1 105 1 105 1 1 313 313 1 313 313 209 1 1 1 105 209 209 1 105 209 313 105 313 1 1 105 1 313 209 1 105 209 209 313 1 105 105 1 209 209 209 313 1 1 1 1 105 1 209 313 313 105 105 1 1 1 209 313 313 209 105 313 313 313 209 1 313 1 1 313 313 105 313 313 105 209 105 313 105 209 313 105 1 105 209 105 105 
! -------------------------------------------------------- 
