! Solving for graph ../../../benchmarks/linear/V-nos6.mtx.rnd
! Target value is set to 326
 ! --------------------------------------------------- CP Optimizer 22.2.0.0 --
 ! Minimization problem - 676 variables, 1965 constraints, 1 phase
 ! TimeLimit            = 1800
 ! LogVerbosity         = Terse
 ! Initial process time : 0.03s (0.03s extraction + 0.00s propagation)
 !  . Log search space  : 6353.6 (before), 6353.6 (after)
 !  . Memory usage      : 1.0 MB (before), 1.0 MB (after)
 ! Using parallel search with 8 workers.
 ! ----------------------------------------------------------------------------
 !          Best Branches  Non-fixed    W       Branch decision
                        0        676                 -
 + New bound is 1
                        0        676    1            -
 + New bound is 326
                        0        676    1   F        -
 + New bound is 327
 *           327      676  0.34s        1      (gap is 0.00%)
 ! ----------------------------------------------------------------------------
 ! Search completed, 1 solution found.
 ! Best objective         : 327 (optimal - effective tol. is 0)
 ! Best bound             : 327
 ! ----------------------------------------------------------------------------
 ! Number of branches     : 6709
 ! Number of fails        : 281
 ! Total memory usage     : 57.4 MB (56.6 MB CP Optimizer + 0.8 MB Concert)
 ! Time spent in solve    : 0.34s (0.31s engine + 0.03s extraction)
 ! Search speed (br. / s) : 21641.9
 ! ----------------------------------------------------------------------------
! --------------------------------------------------------
! Best span = 327
! Labeling: 1 1 1 327 1 327 327 1 1 327 327 1 327 327 327 1 327 1 327 1 1 327 1 327 1 1 327 327 1 327 1 1 327 327 327 1 327 1 1 327 1 327 1 327 1 1 327 1 1 327 1 1 1 327 327 327 327 1 327 327 1 327 327 1 1 327 327 327 327 1 1 1 1 327 327 1 1 1 327 1 1 327 327 327 1 327 327 327 327 1 1 1 327 1 327 327 1 1 1 1 327 1 1 1 1 1 1 327 1 1 1 1 1 1 1 327 1 327 327 327 327 1 327 327 1 1 1 327 327 327 1 1 1 327 1 327 327 1 1 327 327 1 1 327 327 327 1 1 327 1 327 1 327 1 327 327 1 1 1 327 327 327 327 327 1 1 327 1 1 327 327 327 1 327 327 1 1 1 1 1 1 327 327 327 1 327 327 327 1 327 327 327 327 1 327 327 327 1 1 1 327 327 327 327 1 327 327 327 327 327 327 327 327 327 327 1 1 1 327 1 1 327 327 1 1 327 327 327 1 1 1 327 327 327 327 1 327 1 327 1 1 1 1 1 327 1 1 327 327 1 327 327 1 1 1 1 1 1 1 1 327 1 327 1 327 1 1 1 1 1 327 327 327 1 327 1 1 1 327 327 1 327 327 1 327 327 327 327 327 1 1 327 1 327 1 327 327 327 327 327 1 1 327 1 327 327 327 1 327 1 1 1 327 1 1 327 327 327 327 1 327 327 327 1 1 327 1 327 1 1 1 1 327 327 1 1 1 1 327 327 1 327 1 1 1 327 1 1 327 1 327 1 1 327 327 1 1 1 1 1 327 327 1 1 1 327 1 1 327 327 1 327 327 1 1 1 1 327 1 1 1 1 327 1 1 1 1 1 327 327 1 1 1 327 327 327 327 1 1 327 327 1 1 327 1 1 327 327 327 1 327 1 1 1 327 327 1 327 1 327 327 1 1 1 327 327 1 1 327 1 1 327 1 1 327 1 1 1 1 327 1 327 327 1 1 327 1 1 327 327 1 327 327 327 1 1 1 1 1 327 1 327 327 327 327 327 327 327 327 1 327 1 1 1 1 1 1 327 327 1 327 327 1 1 1 327 1 327 327 1 1 327 327 327 1 1 1 327 1 1 327 327 1 327 327 327 327 1 327 1 327 327 327 1 1 1 1 1 327 327 1 1 327 327 1 327 1 327 327 327 1 327 327 327 327 327 327 327 1 327 327 1 1 327 327 327 327 327 1 1 327 327 1 1 1 1 1 327 1 327 1 327 1 327 1 327 327 327 1 327 327 1 327 327 1 1 1 327 327 1 1 327 1 1 327 327 1 327 1 1 1 1 1 327 1 1 327 327 327 327 1 1 1 1 327 327 327 327 327 1 1 327 327 1 1 327 327 1 1 327 327 1 327 1 1 1 327 327 327 327 1 327 327 327 1 1 327 1 327 327 327 327 327 327 1 1 327 327 327 1 327 327 327 327 1 1 327 1 1 327 327 327 1 327 327 327 1 1 327 1 327 1 1 1 1 
! -------------------------------------------------------- 
