! Solving for graph ../../../benchmarks/linear/S-sherman4.mtx.rnd
! Target value is set to 256
! No predefined lower bound found. Lower bound is set to 1
! No predefined upper bound found. Upper bound is set to 139521
 ! --------------------------------------------------- CP Optimizer 22.2.0.0 --
 ! Minimization problem - 547 variables, 1887 constraints, 1 phase
 ! TimeLimit            = 30
 ! LogVerbosity         = Verbose
 ! Initial process time : 0.04s (0.04s extraction + 0.00s propagation)
 !  . Log search space  : 9348.3 (before), 9348.3 (after)
 !  . Memory usage      : 929.7 kB (before), 929.7 kB (after)
 ! Using parallel search with 8 workers.
 ! ----------------------------------------------------------------------------
 !          Best Branches  Non-fixed    W       Branch decision
                        0        547                 -
 + New bound is 1
                        0        547    1            -
 + New bound is 257
 *           257        1  0.33s        1      (gap is 0.00%)
 ! ----------------------------------------------------------------------------
 ! Search completed, 1 solution found.
 ! Best objective         : 257 (optimal - effective tol. is 0)
 ! Best bound             : 257
 ! ----------------------------------------------------------------------------
 ! Number of branches     : 4008
 ! Number of fails        : 108
 ! Total memory usage     : 153.4 MB (152.6 MB CP Optimizer + 0.8 MB Concert)
 ! Time spent in solve    : 0.33s (0.29s engine + 0.04s extraction)
 ! Search speed (br. / s) : 13820.7
 ! ----------------------------------------------------------------------------
! --------------------------------------------------------
! Best span = 257
! Labeling: 257 257 1 1 1 257 257 257 257 257 1 257 257 1 257 257 257 1 1 1 257 1 1 257 1 1 257 257 257 1 1 1 1 1 257 257 1 257 1 257 257 1 257 1 1 1 1 1 1 1 1 1 257 257 1 257 257 1 1 1 1 1 1 1 1 257 1 257 1 257 1 257 257 257 257 257 257 1 257 257 1 1 257 1 257 257 1 257 257 257 257 257 1 1 257 1 257 1 1 1 1 257 257 1 1 1 1 257 1 257 1 257 257 257 257 1 1 1 1 1 257 1 1 1 1 1 1 257 1 1 257 1 1 1 1 257 257 1 257 1 1 1 257 257 257 257 257 257 1 257 257 1 257 257 1 1 1 1 257 257 257 257 1 257 1 1 257 1 257 257 257 257 1 1 257 1 1 1 257 257 257 257 257 257 257 1 1 1 1 257 257 1 257 1 1 1 257 257 257 1 257 257 257 1 1 1 257 257 1 257 257 1 257 1 257 257 1 257 1 1 1 1 257 257 257 1 257 1 1 257 1 257 257 1 1 1 1 257 257 257 1 1 257 257 1 1 1 1 257 257 257 257 1 1 1 1 257 1 1 257 257 1 257 257 1 1 1 1 1 1 257 1 1 257 257 257 1 257 1 1 1 257 1 257 1 1 257 1 1 257 257 1 1 1 1 1 257 257 1 1 257 257 257 257 257 1 257 257 257 257 1 1 257 1 257 1 257 257 1 257 1 1 257 257 1 257 257 1 1 257 257 257 1 1 1 1 1 1 257 257 1 1 257 1 1 257 1 257 1 257 257 257 1 257 1 257 257 257 257 257 257 257 257 1 257 1 1 1 1 257 1 257 257 257 257 1 257 257 1 257 257 257 1 1 1 257 1 257 257 257 257 1 257 1 1 1 257 257 257 1 1 1 257 257 1 257 1 257 257 1 257 1 1 1 1 257 257 257 1 257 257 257 257 1 1 1 257 257 257 257 1 257 257 1 1 1 1 257 1 1 257 257 1 257 257 257 1 257 257 1 257 1 1 1 1 257 257 257 257 257 1 1 257 257 1 257 1 1 1 1 257 1 1 257 257 1 257 1 257 1 1 257 257 1 257 257 257 257 1 257 257 257 257 1 257 1 257 1 257 257 1 257 1 1 1 1 1 1 257 1 1 1 1 1 1 1 257 1 257 1 257 257 257 1 257 257 1 1 1 257 1 257 257 1 1 257 257 257 1 257 257 257 257 257 1 1 
! -------------------------------------------------------- 
