! Solving for graph /home/truongxuanhieu/CPLEX-CP-for-MinSpanLabeling/benchmarks/cabp/S-sherman4.mtx.rnd
! Target value is set to 129
! Lower bound is set to 130
! Upper bound is set to 273
! Time limit is set to 1800
! Vertices mode is set to No hole
! Target value mode is set to Cyclic
 ! --------------------------------------------------- CP Optimizer 22.2.0.0 --
 ! Minimization problem - 547 variables, 1889 constraints, 1 phase
 ! Presolve      : 273 extractables eliminated, 1 constraint generated
 ! TimeLimit            = 1800
 ! LogVerbosity         = Terse
 ! Initial process time : 0.06s (0.06s extraction + 0.00s propagation)
 !  . Log search space  : 4416.6 (before), 4416.6 (after)
 !  . Memory usage      : 3.1 MB (before), 3.1 MB (after)
 ! Using parallel search with 8 workers.
 ! ----------------------------------------------------------------------------
 !          Best Branches  Non-fixed    W       Branch decision
                        0        547                 -
 + New bound is 258
                       18        546    1   F   130 != _int165
 + New bound is 259
 *           273    3957k  488.49s      3      (gap is 5.13%)
 *           272    3961k  488.75s      3      (gap is 4.78%)
 *           271    3974k  495.74s      4      (gap is 4.43%)
 *           270    4008k  498.42s      4      (gap is 4.07%)
 *           269    4064k  501.77s      3      (gap is 3.72%)
 *           268    5902k  773.54s      3      (gap is 3.36%)
 ! ----------------------------------------------------------------------------
 ! Search terminated by limit, 6 solutions found.
 ! Best objective         : 268 (gap is 3.36%)
 ! Best bound             : 259
 ! ----------------------------------------------------------------------------
 ! Number of branches     : 113563916
 ! Number of fails        : 47995399
 ! Total memory usage     : 170.0 MB (167.1 MB CP Optimizer + 3.0 MB Concert)
 ! Time spent in solve    : 1800.08s (1800.02s engine + 0.06s extraction)
 ! Search speed (br. / s) : 63090.7
 ! ----------------------------------------------------------------------------
! --------------------------------------------------------
! Best span = 268
! Labeling: 3 218 69 178 135 51 13 9 225 15 153 262 263 104 251 2 48 95 134 103 25 82 170 3 99 147 257 10 211 155 108 177 112 84 16 222 65 254 166 37 1 172 259 172 79 184 138 155 183 159 134 122 7 206 135 227 236 147 142 193 104 179 122 116 86 251 138 15 82 6 128 29 256 197 264 8 198 72 1 47 165 128 214 90 233 203 89 209 218 22 265 30 126 173 21 61 216 164 105 176 142 16 15 169 183 142 106 209 127 13 156 209 17 267 250 109 169 167 184 87 244 80 132 132 147 189 78 18 146 119 9 155 104 141 155 265 265 177 60 153 145 159 26 29 242 207 18 52 146 210 211 133 248 23 127 148 131 144 33 267 15 244 166 226 154 129 17 92 261 33 223 5 74 114 201 103 94 151 252 28 208 25 20 253 24 143 151 162 132 233 251 162 8 158 79 190 258 219 48 145 19 209 242 186 175 124 264 228 101 21 257 93 44 97 9 239 160 259 152 126 162 119 50 255 5 179 244 72 150 16 121 236 21 192 103 58 191 233 28 250 122 136 30 236 89 122 159 100 246 6 235 239 176 181 64 135 3 129 172 238 38 166 9 6 66 96 112 70 130 72 220 119 159 253 18 28 80 218 115 72 138 9 121 212 146 106 241 85 151 5 247 155 67 93 89 84 7 195 138 182 261 21 18 201 232 194 28 204 33 21 102 89 39 68 231 115 11 14 187 20 128 157 234 40 100 47 55 62 168 238 226 261 148 80 97 147 100 145 243 221 94 128 204 123 75 263 139 11 161 205 11 266 94 215 124 201 41 268 34 245 230 256 221 157 15 109 116 85 137 211 129 228 53 259 56 138 24 249 136 197 223 16 170 142 154 246 76 45 54 265 12 77 268 147 120 73 35 20 36 155 177 97 202 199 155 267 164 233 267 118 17 70 113 171 132 246 249 213 130 257 43 26 196 147 91 94 3 224 37 15 128 223 10 167 120 144 112 214 144 150 260 213 174 46 31 237 132 248 52 150 249 154 109 98 114 32 241 217 258 33 185 146 43 224 167 232 144 188 117 85 218 144 172 214 258 63 228 113 41 110 157 12 3 157 5 42 16 57 117 255 4 38 262 140 232 135 252 112 229 267 163 242 88 71 75 180 167 147 16 125 107 142 163 175 153 83 261 149 59 75 27 49 252 124 200 17 94 160 120 33 107 30 39 113 111 13 37 233 146 43 26 26 240 55 81 140 
! -------------------------------------------------------- 
