! Solving for graph /home/truongxuanhieu/CPLEX-CP-for-MinSpanLabeling/benchmarks/cabp/U-662_bus.mtx.rnd
! Target value is set to 82
! Lower bound is set to 83
! Upper bound is set to 331
! Time limit is set to 1800
! Vertices mode is set to No hole
! Target value mode is set to Cyclic
 ! --------------------------------------------------- CP Optimizer 22.2.0.0 --
 ! Minimization problem - 663 variables, 1570 constraints, 1 phase
 ! Presolve      : 331 extractables eliminated, 1 constraint generated
 ! TimeLimit            = 1800
 ! LogVerbosity         = Terse
 ! Initial process time : 0.06s (0.06s extraction + 0.00s propagation)
 !  . Log search space  : 5547.8 (before), 5547.8 (after)
 !  . Memory usage      : 2.5 MB (before), 2.5 MB (after)
 ! Using parallel search with 8 workers.
 ! ----------------------------------------------------------------------------
 !          Best Branches  Non-fixed    W       Branch decision
                        0        663                 -
 + New bound is 164
                      164        662    1   F    82 != _int192
 + New bound is 165
 *           331     1753  0.43s        1      (gap is 50.15%)
 *           328     5372  0.81s        1      (gap is 49.70%)
             328    16253        632    7   F   246 != _int661
 + New bound is 247 (gap is 24.70%)
             328     603k        663    1            -
 + New bound is 328 (gap is 0.00%)
 ! ----------------------------------------------------------------------------
 ! Search completed, 2 solutions found.
 ! Best objective         : 328 (optimal - effective tol. is 0)
 ! Best bound             : 328
 ! ----------------------------------------------------------------------------
 ! Number of branches     : 4198678
 ! Number of fails        : 1833868
 ! Total memory usage     : 132.2 MB (129.0 MB CP Optimizer + 3.2 MB Concert)
 ! Time spent in solve    : 45.65s (45.59s engine + 0.06s extraction)
 ! Search speed (br. / s) : 92116.7
 ! ----------------------------------------------------------------------------
! --------------------------------------------------------
! Best span = 328
! Labeling: 165 83 119 1 21 111 26 83 165 1 1 1 117 145 37 83 102 178 290 83 83 35 1 1 165 165 1 40 124 305 83 83 1 1 1 13 1 83 165 125 194 46 83 165 218 1 1 1 1 83 172 83 68 198 1 83 83 120 133 165 101 233 288 165 215 83 83 192 136 1 1 165 1 225 313 48 175 129 9 1 253 246 248 1 1 165 34 33 1 247 1 252 80 83 160 1 97 70 162 118 165 83 165 1 1 1 114 92 1 52 83 1 81 83 307 126 83 131 1 24 83 83 1 262 1 165 83 236 83 1 1 83 83 31 11 223 83 83 22 83 292 327 83 127 132 304 83 1 96 83 255 1 1 83 83 1 277 143 83 12 1 1 1 1 324 83 83 83 28 165 74 1 1 165 1 265 1 36 204 157 1 1 199 85 1 95 62 165 83 1 267 99 1 1 189 165 1 98 83 165 240 146 306 165 110 258 310 1 1 83 165 27 232 83 83 298 18 244 83 165 83 83 302 170 312 83 237 321 1 56 83 1 1 221 188 83 297 230 106 1 83 135 83 1 83 72 286 1 231 154 1 83 165 1 79 1 300 83 165 141 212 83 280 200 1 51 83 83 83 1 272 282 263 259 83 1 281 211 1 45 1 107 165 1 83 165 1 165 1 165 213 271 1 78 155 319 1 1 207 1 1 159 151 1 291 14 83 88 1 228 83 43 83 153 83 83 209 83 91 83 174 83 1 83 1 76 1 173 1 247 39 1 165 1 104 44 165 264 1 166 61 217 4 83 239 83 83 1 147 224 243 83 100 229 83 165 317 323 82 314 1 299 1 295 235 121 83 1 210 123 113 293 1 84 3 83 140 222 65 83 165 165 193 165 60 238 142 165 83 1 149 83 87 168 187 83 322 77 1 1 1 276 116 315 165 83 19 197 165 49 83 1 326 105 165 1 205 144 1 164 261 1 103 1 83 311 83 83 254 47 83 320 83 83 83 275 75 1 112 50 83 1 1 93 83 83 83 1 161 308 42 1 186 1 83 94 73 138 83 309 1 53 1 181 58 279 227 1 83 69 1 249 1 266 165 247 1 1 1 134 1 1 226 1 203 190 148 1 1 63 1 83 234 83 25 83 67 89 165 1 1 1 1 167 1 219 1 1 83 251 55 90 1 6 83 64 1 206 287 83 137 1 165 86 250 1 165 150 83 301 20 1 57 30 303 268 122 1 1 5 158 208 1 165 83 108 66 270 83 83 216 278 1 163 241 83 289 83 202 8 1 152 176 1 220 165 318 169 260 1 182 7 184 83 171 15 41 285 180 1 83 325 83 165 156 183 1 165 195 23 245 284 71 196 1 165 1 83 29 1 130 1 1 294 296 214 83 83 165 1 38 165 269 83 128 316 1 1 139 1 83 273 328 83 16 83 242 32 1 165 165 165 1 1 1 185 109 177 1 1 1 54 283 10 1 256 1 1 274 1 2 83 179 1 1 59 115 17 257 83 191 201 
! -------------------------------------------------------- 
