! Solving for graph /home/truongxuanhieu/CPLEX-CP-for-MinSpanLabeling/benchmarks/cabp/V-nos6.mtx.rnd
! Target value is set to 164
! Lower bound is set to 165
! Upper bound is set to 337
! Time limit is set to 1800
! Vertices mode is set to No hole
! Target value mode is set to Cyclic
 ! --------------------------------------------------- CP Optimizer 22.2.0.0 --
 ! Minimization problem - 676 variables, 1966 constraints, 1 phase
 ! Presolve      : 337 extractables eliminated, 1 constraint generated
 ! TimeLimit            = 1800
 ! LogVerbosity         = Terse
 ! Initial process time : 0.08s (0.08s extraction + 0.00s propagation)
 !  . Log search space  : 5666.4 (before), 5666.4 (after)
 !  . Memory usage      : 3.2 MB (before), 3.2 MB (after)
 ! Using parallel search with 8 workers.
 ! ----------------------------------------------------------------------------
 !          Best Branches  Non-fixed    W       Branch decision
                        0        676                 -
 + New bound is 328
                       12        675    1   F   165 != _int372
 + New bound is 329
 *           337    3228k  502.45s      8      (gap is 2.37%)
 ! ----------------------------------------------------------------------------
 ! Search terminated by limit, 1 solution found.
 ! Best objective         : 337 (gap is 2.37%)
 ! Best bound             : 329
 ! ----------------------------------------------------------------------------
 ! Number of branches     : 92496225
 ! Number of fails        : 37131524
 ! Total memory usage     : 216.2 MB (212.6 MB CP Optimizer + 3.7 MB Concert)
 ! Time spent in solve    : 1800.09s (1800.02s engine + 0.08s extraction)
 ! Search speed (br. / s) : 51386.2
 ! ----------------------------------------------------------------------------
! --------------------------------------------------------
! Best span = 337
! Labeling: 153 261 128 307 252 323 12 176 152 248 57 106 57 63 311 186 322 240 290 222 97 30 226 278 231 83 317 85 143 322 120 202 290 273 282 103 291 168 144 39 123 6 102 325 104 183 264 235 193 8 126 113 203 334 333 325 21 115 48 71 156 262 57 242 111 90 272 70 75 176 240 144 79 333 49 230 87 182 285 175 101 275 66 314 87 62 270 274 4 117 203 103 13 206 266 302 159 204 135 203 299 168 93 107 204 116 144 252 140 188 150 146 218 188 194 95 135 4 46 277 14 139 72 67 148 110 145 37 276 3 229 239 164 50 173 299 326 220 112 20 66 213 164 4 290 266 118 185 66 121 33 204 39 205 29 22 129 138 179 24 288 35 69 326 102 92 317 238 135 62 15 280 258 293 335 228 107 161 158 162 105 76 251 88 194 317 308 266 226 308 316 254 324 185 42 73 284 250 161 93 314 281 332 290 174 3 7 285 60 257 46 282 266 40 317 257 253 230 313 197 108 322 330 117 221 293 313 296 196 126 230 23 48 334 36 212 74 114 326 162 151 168 234 236 16 146 200 328 317 171 282 312 94 242 195 245 131 109 177 219 271 153 269 222 49 212 194 155 135 150 41 289 21 147 284 243 135 117 257 318 195 30 266 223 86 332 296 295 337 147 222 272 170 31 109 315 279 309 91 252 185 212 89 127 38 273 2 171 327 250 94 224 48 162 119 48 259 27 31 180 325 48 12 153 121 287 160 22 91 237 221 171 86 277 256 103 135 106 322 39 100 315 84 177 189 5 259 112 304 201 288 134 253 13 302 92 181 84 90 102 259 271 126 99 129 313 96 167 1 273 141 77 324 209 231 159 120 48 215 153 221 87 18 99 98 123 149 205 277 21 100 149 144 32 281 80 6 102 231 5 335 107 122 74 149 93 71 267 320 168 326 111 101 225 47 85 163 39 217 85 272 210 166 145 7 284 129 194 273 170 104 260 133 109 263 239 157 261 210 268 125 311 265 131 186 61 87 141 282 336 259 9 305 31 233 213 216 162 82 311 102 257 304 30 257 16 7 333 30 105 26 186 172 198 118 84 110 56 276 95 299 281 153 142 107 329 136 43 259 244 249 22 68 300 158 221 180 93 207 144 299 19 208 271 303 16 294 212 81 109 292 266 28 244 87 102 211 196 332 44 247 130 335 252 93 326 95 269 59 257 149 283 317 260 11 34 293 316 178 76 278 199 214 274 57 25 306 255 154 105 308 261 185 212 191 151 126 51 112 275 118 331 180 10 257 256 274 40 184 67 55 120 79 53 238 131 169 267 310 169 93 32 138 101 271 57 124 64 246 138 110 221 153 24 92 190 321 58 54 297 178 115 161 138 40 317 310 308 78 203 187 66 17 212 192 299 265 235 160 301 65 241 12 221 230 249 75 21 286 52 109 308 80 319 159 195 37 113 272 298 295 13 45 273 144 142 271 291 3 152 32 332 274 49 176 165 323 177 126 308 302 277 99 58 53 58 102 132 285 227 299 137 197 219 232 
! -------------------------------------------------------- 
