! Solving for graph ../../../benchmarks/raw/linear/V-nos6.mtx.rnd
! Target value is set to 489
! No predefined lower bound found. Lower bound is set to 1
! No predefined upper bound found. Upper bound is set to 329587
 ! --------------------------------------------------- CP Optimizer 22.2.0.0 --
 ! Minimization problem - 676 variables, 1965 constraints, 1 phase
 ! TimeLimit            = 150
 ! LogVerbosity         = Verbose
 ! Initial process time : 0.03s (0.03s extraction + 0.00s propagation)
 !  . Log search space  : 12391.3 (before), 12391.3 (after)
 !  . Memory usage      : 1.0 MB (before), 1.0 MB (after)
 ! Using parallel search with 8 workers.
 ! ----------------------------------------------------------------------------
 !          Best Branches  Non-fixed    W       Branch decision
                        0        676                 -
 + New bound is 1
                        0        676    1   F        -
 + New bound is 490
 *           490        1  0.38s        1      (gap is 0.00%)
 ! ----------------------------------------------------------------------------
 ! Search completed, 1 solution found.
 ! Best objective         : 490 (optimal - effective tol. is 0)
 ! Best bound             : 490
 ! ----------------------------------------------------------------------------
 ! Number of branches     : 4008
 ! Number of fails        : 92
 ! Total memory usage     : 109.7 MB (109.0 MB CP Optimizer + 0.8 MB Concert)
 ! Time spent in solve    : 0.38s (0.36s engine + 0.03s extraction)
 ! Search speed (br. / s) : 11451.4
 ! ----------------------------------------------------------------------------
! --------------------------------------------------------
! Best span = 490
! Labeling: 1 1 1 490 1 490 490 1 1 490 490 1 490 490 490 1 490 1 490 1 1 490 1 490 1 1 490 490 1 490 1 1 490 490 490 1 490 1 1 490 1 490 1 490 1 1 490 1 1 490 1 1 1 490 490 490 490 1 490 490 1 490 490 1 1 490 490 490 490 1 1 1 1 490 490 1 1 1 490 1 1 490 490 490 1 490 490 490 490 1 1 1 490 1 490 490 1 1 1 1 490 1 1 1 1 1 1 490 1 1 1 1 1 1 1 490 1 490 490 490 490 1 490 490 1 1 1 490 490 490 1 1 1 490 1 490 490 1 1 490 490 1 1 490 490 490 1 1 490 1 490 1 490 1 490 490 1 1 1 490 490 490 490 490 1 1 490 1 1 490 490 490 1 490 490 1 1 1 1 1 1 490 490 490 1 490 490 490 1 490 490 490 490 1 490 490 490 1 1 1 490 490 490 490 1 490 490 490 490 490 490 490 490 490 490 1 1 1 490 1 1 490 490 1 1 490 490 490 1 1 1 490 490 490 490 1 490 1 490 1 1 1 1 1 490 1 1 490 490 1 490 490 1 1 1 1 1 1 1 1 490 1 490 1 490 1 1 1 1 1 490 490 490 1 490 1 1 1 490 490 1 490 490 1 490 490 490 490 490 1 1 490 1 490 1 490 490 490 490 490 1 1 490 1 490 490 490 1 490 1 1 1 490 1 1 490 490 490 490 1 490 490 490 1 1 490 1 490 1 1 1 1 490 490 1 1 1 1 490 490 1 490 1 1 1 490 1 1 490 1 490 1 1 490 490 1 1 1 1 1 490 490 1 1 1 490 1 1 490 490 1 490 490 1 1 1 1 490 1 1 1 1 490 1 1 1 1 1 490 490 1 1 1 490 490 490 490 1 1 490 490 1 1 490 1 1 490 490 490 1 490 1 1 1 490 490 1 490 1 490 490 1 1 1 490 490 1 1 490 1 1 490 1 1 490 1 1 1 1 490 1 490 490 1 1 490 1 1 490 490 1 490 490 490 1 1 1 1 1 490 1 490 490 490 490 490 490 490 490 1 490 1 1 1 1 1 1 490 490 1 490 490 1 1 1 490 1 490 490 1 1 490 490 490 1 1 1 490 1 1 490 490 1 490 490 490 490 1 490 1 490 490 490 1 1 1 1 1 490 490 1 1 490 490 1 490 1 490 490 490 1 490 490 490 490 490 490 490 1 490 490 1 1 490 490 490 490 490 1 1 490 490 1 1 1 1 1 490 1 490 1 490 1 490 1 490 490 490 1 490 490 1 490 490 1 1 1 490 490 1 1 490 1 1 490 490 1 490 1 1 1 1 1 490 1 1 490 490 490 490 1 1 1 1 490 490 490 490 490 1 1 490 490 1 1 490 490 1 1 490 490 1 490 1 1 1 490 490 490 490 1 490 490 490 1 1 490 1 490 490 490 490 490 490 1 1 490 490 490 1 490 490 490 490 1 1 490 1 1 490 490 490 1 490 490 490 1 1 490 1 490 1 1 1 1 
! -------------------------------------------------------- 
