! Solving for graph ../../../benchmarks/linear/S-sherman4.mtx.rnd
! Target value is set to 192
 ! --------------------------------------------------- CP Optimizer 22.2.0.0 --
 ! Minimization problem - 547 variables, 1887 constraints, 1 phase
 ! TimeLimit            = 1800
 ! LogVerbosity         = Terse
 ! Initial process time : 0.02s (0.02s extraction + 0.00s propagation)
 !  . Log search space  : 4973.7 (before), 4973.7 (after)
 !  . Memory usage      : 929.7 kB (before), 929.7 kB (after)
 ! Using parallel search with 8 workers.
 ! ----------------------------------------------------------------------------
 !          Best Branches  Non-fixed    W       Branch decision
                        0        547                 -
 + New bound is 1
                        0        547    1            -
 + New bound is 192
                        0        547    1   F        -
 + New bound is 193
 *           193      547  0.18s        1      (gap is 0.00%)
 ! ----------------------------------------------------------------------------
 ! Search completed, 1 solution found.
 ! Best objective         : 193 (optimal - effective tol. is 0)
 ! Best bound             : 193
 ! ----------------------------------------------------------------------------
 ! Number of branches     : 6193
 ! Number of fails        : 409
 ! Total memory usage     : 38.6 MB (37.9 MB CP Optimizer + 0.8 MB Concert)
 ! Time spent in solve    : 0.18s (0.16s engine + 0.02s extraction)
 ! Search speed (br. / s) : 41286.7
 ! ----------------------------------------------------------------------------
! --------------------------------------------------------
! Best span = 193
! Labeling: 193 193 1 1 1 193 193 193 193 193 1 193 193 1 193 193 193 1 1 1 193 1 1 193 1 1 193 193 193 1 1 1 1 1 193 193 1 193 1 193 193 1 193 1 1 1 1 1 1 1 1 1 193 193 1 193 193 1 1 1 1 1 1 1 1 193 1 193 1 193 1 193 193 193 193 193 193 1 193 193 1 1 193 1 193 193 1 193 193 193 193 193 1 1 193 1 193 1 1 1 1 193 193 1 1 1 1 193 1 193 1 193 193 193 193 1 1 1 1 1 193 1 1 1 1 1 1 193 1 1 193 1 1 1 1 193 193 1 193 1 1 1 193 193 193 193 193 193 1 193 193 1 193 193 1 1 1 1 193 193 193 193 1 193 1 1 193 1 193 193 193 193 1 1 193 1 1 1 193 193 193 193 193 193 193 1 1 1 1 193 193 1 193 1 1 1 193 193 193 1 193 193 193 1 1 1 193 193 1 193 193 1 193 1 193 193 1 193 1 1 1 1 193 193 193 1 193 1 1 193 1 193 193 1 1 1 1 193 193 193 1 1 193 193 1 1 1 1 193 193 193 193 1 1 1 1 193 1 1 193 193 1 193 193 1 1 1 1 1 1 193 1 1 193 193 193 1 193 1 1 1 193 1 193 1 1 193 1 1 193 193 1 1 1 1 1 193 193 1 1 193 193 193 193 193 1 193 193 193 193 1 1 193 1 193 1 193 193 1 193 1 1 193 193 1 193 193 1 1 193 193 193 1 1 1 1 1 1 193 193 1 1 193 1 1 193 1 193 1 193 193 193 1 193 1 193 193 193 193 193 193 193 193 1 193 1 1 1 1 193 1 193 193 193 193 1 193 193 1 193 193 193 1 1 1 193 1 193 193 193 193 1 193 1 1 1 193 193 193 1 1 1 193 193 1 193 1 193 193 1 193 1 1 1 1 193 193 193 1 193 193 193 193 1 1 1 193 193 193 193 1 193 193 1 1 1 1 193 1 1 193 193 1 193 193 193 1 193 193 1 193 1 1 1 1 193 193 193 193 193 1 1 193 193 1 193 1 1 1 1 193 1 1 193 193 1 193 1 193 1 1 193 193 1 193 193 193 193 1 193 193 193 193 1 193 1 193 1 193 193 1 193 1 1 1 1 1 1 193 1 1 1 1 1 1 1 193 1 193 1 193 193 193 1 193 193 1 1 1 193 1 193 193 1 1 193 193 193 1 193 193 193 193 193 1 1 
! -------------------------------------------------------- 
