! Solving for graph ../../../benchmarks/linear/T-dwt__592.mtx.rnd
! Target value is set to 78
 ! --------------------------------------------------- CP Optimizer 22.2.0.0 --
 ! Minimization problem - 593 variables, 2848 constraints, 1 phase
 ! TimeLimit            = 1800
 ! LogVerbosity         = Terse
 ! Initial process time : 0.03s (0.03s extraction + 0.00s propagation)
 !  . Log search space  : 5461.2 (before), 5461.2 (after)
 !  . Memory usage      : 1.2 MB (before), 1.2 MB (after)
 ! Using parallel search with 8 workers.
 ! ----------------------------------------------------------------------------
 !          Best Branches  Non-fixed    W       Branch decision
                        0        593                 -
 + New bound is 1
                        0        593    1   F        -
 + New bound is 79
                        2        592    1   F     1 != _int423
 + New bound is 80
 *           391      595  0.15s        1      (gap is 79.54%)
 *           235      595  0.15s        4      (gap is 65.96%)
             235     6012        591    4   F   157 != _int1
 + New bound is 158 (gap is 32.77%)
             235    13928        565    4   F     2 != _int9
 + New bound is 159 (gap is 32.34%)
             235    14890        590    1   F     3 != _int327
 + New bound is 160 (gap is 31.91%)
             235     323k        592    4   F    82 != _int252
 + New bound is 161 (gap is 31.49%)
             235     292k        590    1   F     4 != _int252
 + New bound is 162 (gap is 31.06%)
             235     257k        592    2            -
 + New bound is 235 (gap is 0.00%)
 ! ----------------------------------------------------------------------------
 ! Search completed, 2 solutions found.
 ! Best objective         : 235 (optimal - effective tol. is 0)
 ! Best bound             : 235
 ! ----------------------------------------------------------------------------
 ! Number of branches     : 2614019
 ! Number of fails        : 1187165
 ! Total memory usage     : 72.4 MB (71.2 MB CP Optimizer + 1.2 MB Concert)
 ! Time spent in solve    : 25.47s (25.45s engine + 0.03s extraction)
 ! Search speed (br. / s) : 102752.3
 ! ----------------------------------------------------------------------------
! --------------------------------------------------------
! Best span = 235
! Labeling: 79 1 235 1 1 157 235 79 235 235 79 79 235 157 1 1 157 79 79 1 235 235 157 1 235 235 1 1 235 1 157 79 235 79 157 235 1 79 157 1 157 157 79 79 157 79 1 235 157 157 157 157 157 235 79 157 235 79 79 157 235 1 157 157 157 79 1 1 157 157 235 79 79 1 157 79 235 79 157 235 1 79 1 1 157 157 235 235 79 79 79 235 1 1 235 157 79 235 1 79 79 235 157 79 1 79 1 79 235 79 157 157 79 157 1 235 235 235 157 79 235 1 79 79 235 1 1 157 157 235 157 235 235 1 1 1 79 1 235 79 79 1 235 1 157 157 1 1 79 79 235 157 235 157 1 1 157 157 157 157 79 1 157 1 157 79 235 157 235 1 157 157 79 1 79 235 235 235 1 157 157 79 1 79 157 157 157 1 79 79 79 79 235 1 235 79 157 235 235 1 235 1 1 1 79 1 235 79 235 1 79 1 235 79 235 157 79 1 235 235 157 1 79 157 1 157 1 1 157 235 235 1 1 79 157 79 79 157 1 157 157 235 235 1 235 157 157 79 157 1 1 79 79 79 79 1 157 79 235 157 157 157 235 157 1 157 1 79 157 79 1 1 79 235 1 79 79 157 235 1 235 235 1 79 157 79 235 79 235 157 1 1 235 235 157 235 79 1 79 157 79 1 79 157 79 157 157 157 79 79 235 235 1 235 235 1 235 235 157 235 157 157 235 1 79 1 79 157 157 1 235 1 157 157 79 157 235 79 79 1 79 157 157 235 235 157 1 235 157 79 157 235 79 235 1 1 157 157 235 235 79 79 235 79 157 157 79 79 157 235 79 235 79 79 235 235 79 79 235 235 1 157 157 1 1 1 235 79 157 1 235 157 235 235 157 79 235 79 79 1 157 235 235 79 235 79 79 1 235 1 235 235 1 235 79 157 79 1 157 79 235 1 1 235 157 157 157 1 157 235 235 1 235 1 79 79 157 157 235 1 79 235 235 235 79 79 157 1 1 79 79 157 79 157 79 1 1 235 157 235 157 1 79 157 1 157 1 79 79 79 235 235 157 235 235 79 79 235 157 79 157 79 235 235 1 157 1 1 157 157 1 157 1 1 157 1 235 1 235 79 235 1 1 1 1 79 1 79 1 1 235 235 1 235 235 157 1 1 1 79 157 157 1 79 157 235 79 235 1 1 79 1 235 157 1 79 157 157 235 1 79 79 1 157 157 157 235 1 1 1 1 79 1 157 235 235 79 79 1 1 1 157 235 235 157 79 235 235 235 157 1 235 1 1 235 235 79 235 235 79 157 79 235 79 157 235 79 1 79 157 79 79 
! -------------------------------------------------------- 
