! Solving for graph /home/truongxuanhieu/CPLEX-CP-for-MinSpanLabeling/benchmarks/abp/S-sherman4.mtx.rnd
! Target value is set to 261
! Lower bound is set to 262
! Upper bound is set to 546
! Time limit is set to 1800
! Vertices mode is set to Has hole
! Target value mode is set to Antibandwidth
 ! --------------------------------------------------- CP Optimizer 22.2.0.0 --
 ! Minimization problem - 547 variables, 1344 constraints, 1 phase
 ! TimeLimit            = 1800
 ! LogVerbosity         = Terse
 ! Initial process time : 0.02s (0.02s extraction + 0.00s propagation)
 !  . Log search space  : 4966.5 (before), 4966.5 (after)
 !  . Memory usage      : 917.3 kB (before), 917.3 kB (after)
 ! Using parallel search with 8 workers.
 ! ----------------------------------------------------------------------------
 !          Best Branches  Non-fixed    W       Branch decision
                        0        547                 -
 + New bound is 262
 *           262        1  0.11s        1      (gap is 0.00%)
 ! ----------------------------------------------------------------------------
 ! Search completed, 1 solution found.
 ! Best objective         : 262 (optimal - effective tol. is 0)
 ! Best bound             : 262
 ! ----------------------------------------------------------------------------
 ! Number of branches     : 4008
 ! Number of fails        : 60
 ! Total memory usage     : 43.3 MB (42.6 MB CP Optimizer + 0.7 MB Concert)
 ! Time spent in solve    : 0.11s (0.09s engine + 0.02s extraction)
 ! Search speed (br. / s) : 44533.3
 ! ----------------------------------------------------------------------------
! --------------------------------------------------------
! Best span = 262
! Labeling: 262 262 1 1 1 262 262 262 262 262 1 262 262 1 262 262 262 1 1 1 262 1 1 262 1 1 262 262 262 1 1 1 1 1 262 262 1 262 1 262 262 1 262 1 1 1 1 1 1 1 1 1 262 262 1 262 262 1 1 1 1 1 1 1 1 262 1 262 1 262 1 262 262 262 262 262 262 1 262 262 1 1 262 1 262 262 1 262 262 262 262 262 1 1 262 1 262 1 1 1 1 262 262 1 1 1 1 262 1 262 1 262 262 262 262 1 1 1 1 1 262 1 1 1 1 1 1 262 1 1 262 1 1 1 1 262 262 1 262 1 1 1 262 262 262 262 262 262 1 262 262 1 262 262 1 1 1 1 262 262 262 262 1 262 1 1 262 1 262 262 262 262 1 1 262 1 1 1 262 262 262 262 262 262 262 1 1 1 1 262 262 1 262 1 1 1 262 262 262 1 262 262 262 1 1 1 262 262 1 262 262 1 262 1 262 262 1 262 1 1 1 1 262 262 262 1 262 1 1 262 1 262 262 1 1 1 1 262 262 262 1 1 262 262 1 1 1 1 262 262 262 262 1 1 1 1 262 1 1 262 262 1 262 262 1 1 1 1 1 1 262 1 1 262 262 262 1 262 1 1 1 262 1 262 1 1 262 1 1 262 262 1 1 1 1 1 262 262 1 1 262 262 262 262 262 1 262 262 262 262 1 1 262 1 262 1 262 262 1 262 1 1 262 262 1 262 262 1 1 262 262 262 1 1 1 1 1 1 262 262 1 1 262 1 1 262 1 262 1 262 262 262 1 262 1 262 262 262 262 262 262 262 262 1 262 1 1 1 1 262 1 262 262 262 262 1 262 262 1 262 262 262 1 1 1 262 1 262 262 262 262 1 262 1 1 1 262 262 262 1 1 1 262 262 1 262 1 262 262 1 262 1 1 1 1 262 262 262 1 262 262 262 262 1 1 1 262 262 262 262 1 262 262 1 1 1 1 262 1 1 262 262 1 262 262 262 1 262 262 1 262 1 1 1 1 262 262 262 262 262 1 1 262 262 1 262 1 1 1 1 262 1 1 262 262 1 262 1 262 1 1 262 262 1 262 262 262 262 1 262 262 262 262 1 262 1 262 1 262 262 1 262 1 1 1 1 1 1 262 1 1 1 1 1 1 1 262 1 262 1 262 262 262 1 262 262 1 1 1 262 1 262 262 1 1 262 262 262 1 262 262 262 262 262 1 1 
! -------------------------------------------------------- 
