! Solving for graph /home/truongxuanhieu/CPLEX-CP-for-MinSpanLabeling/benchmarks/abp/T-dwt__592.mtx.rnd
! Target value is set to 113
! Lower bound is set to 114
! Upper bound is set to 592
! Time limit is set to 1800
! Vertices mode is set to Has hole
! Target value mode is set to Antibandwidth
 ! --------------------------------------------------- CP Optimizer 22.2.0.0 --
 ! Minimization problem - 593 variables, 2259 constraints, 1 phase
 ! TimeLimit            = 1800
 ! LogVerbosity         = Terse
 ! Initial process time : 0.02s (0.02s extraction + 0.00s propagation)
 !  . Log search space  : 5459.9 (before), 5459.9 (after)
 !  . Memory usage      : 1.2 MB (before), 1.2 MB (after)
 ! Using parallel search with 8 workers.
 ! ----------------------------------------------------------------------------
 !          Best Branches  Non-fixed    W       Branch decision
                        0        593                 -
 + New bound is 114
                        2        592    1   F     1 != _int423
 + New bound is 115
 *           453      594  0.12s        1      (gap is 74.61%)
 *           389     8159  0.61s        6      (gap is 70.44%)
 *           340    11434  0.74s        1      (gap is 66.18%)
             340     155k        456    1            -
 + New bound is 340 (gap is 0.00%)
 ! ----------------------------------------------------------------------------
 ! Search completed, 3 solutions found.
 ! Best objective         : 340 (optimal - effective tol. is 0)
 ! Best bound             : 340
 ! ----------------------------------------------------------------------------
 ! Number of branches     : 1360272
 ! Number of fails        : 623241
 ! Total memory usage     : 69.9 MB (68.7 MB CP Optimizer + 1.2 MB Concert)
 ! Time spent in solve    : 9.58s (9.56s engine + 0.02s extraction)
 ! Search speed (br. / s) : 142287.9
 ! ----------------------------------------------------------------------------
! --------------------------------------------------------
! Best span = 340
! Labeling: 227 114 340 114 114 1 340 227 340 340 227 227 340 1 114 114 1 227 227 114 340 340 1 114 340 340 114 114 340 114 1 227 340 227 1 340 114 227 1 114 1 1 227 227 1 227 114 340 1 1 1 1 1 340 227 1 340 227 227 1 340 114 1 1 1 227 114 114 1 1 340 227 227 114 1 227 340 227 1 340 114 227 114 114 1 1 340 340 227 227 227 340 114 114 340 1 227 340 114 227 227 340 1 227 114 227 114 227 340 227 1 1 227 1 114 340 340 340 1 227 340 114 227 227 340 114 114 1 1 340 1 340 340 114 114 114 227 114 340 227 227 114 340 114 1 1 114 114 227 227 340 1 340 1 114 114 1 1 1 1 227 114 1 114 1 227 340 1 340 114 1 1 227 114 227 340 340 340 114 1 1 227 114 227 1 1 1 114 227 227 227 227 340 114 340 227 1 340 340 114 340 114 114 114 227 114 340 227 340 114 227 114 340 227 340 1 227 114 340 340 1 114 227 1 114 1 114 114 1 340 340 114 114 227 1 227 227 1 114 1 1 340 340 114 340 1 1 227 1 114 114 227 227 227 227 114 1 227 340 1 1 1 340 1 114 1 114 227 1 227 114 114 227 340 114 227 227 1 340 114 340 340 114 227 1 227 340 227 340 1 114 114 340 340 1 340 227 114 227 1 227 114 227 1 227 1 1 1 227 227 340 340 114 340 340 114 340 340 1 340 1 1 340 114 227 114 227 1 1 114 340 114 1 1 227 1 340 227 227 114 227 1 1 340 340 1 114 340 1 227 1 340 227 340 114 114 1 1 340 340 227 227 340 227 1 1 227 227 1 340 227 340 227 227 340 340 227 227 340 340 114 1 1 114 114 114 340 227 1 114 340 1 340 340 1 227 340 227 227 114 1 340 340 227 340 227 227 114 340 114 340 340 114 340 227 1 227 114 1 227 340 114 114 340 1 1 1 114 1 340 340 114 340 114 227 227 1 1 340 114 227 340 340 340 227 227 1 114 114 227 227 1 227 1 227 114 114 340 1 340 1 114 227 1 114 1 114 227 227 227 340 340 1 340 340 227 227 340 1 227 1 227 340 340 114 1 114 114 1 1 114 1 114 114 1 114 340 114 340 227 340 114 114 114 114 227 114 227 114 114 340 340 114 340 340 1 114 114 114 227 1 1 114 227 1 340 227 340 114 114 227 114 340 1 114 227 1 1 340 114 227 227 114 1 1 1 340 114 114 114 114 227 114 1 340 340 227 227 114 114 114 1 340 340 1 227 340 340 340 1 114 340 114 114 340 340 227 340 340 227 1 227 340 227 1 340 227 114 227 1 227 227 
! -------------------------------------------------------- 
