! Solving for graph /home/truongxuanhieu/CPLEX-CP-for-MinSpanLabeling/benchmarks/abp/V-nos6.mtx.rnd
! Target value is set to 329
! Lower bound is set to 330
! Upper bound is set to 675
! Time limit is set to 1800
! Vertices mode is set to Has hole
 ! --------------------------------------------------- CP Optimizer 22.2.0.0 --
 ! Minimization problem - 676 variables, 1966 constraints, 1 phase
 ! TimeLimit            = 1800
 ! LogVerbosity         = Terse
 ! Initial process time : 0.02s (0.02s extraction + 0.00s propagation)
 !  . Log search space  : 6347.9 (before), 6347.9 (after)
 !  . Memory usage      : 1.0 MB (before), 1.0 MB (after)
 ! Using parallel search with 8 workers.
 ! ----------------------------------------------------------------------------
 !          Best Branches  Non-fixed    W       Branch decision
                        0        676                 -
 + New bound is 330
 *           330        1  0.23s        1      (gap is 0.00%)
 ! ----------------------------------------------------------------------------
 ! Search completed, 1 solution found.
 ! Best objective         : 330 (optimal - effective tol. is 0)
 ! Best bound             : 330
 ! ----------------------------------------------------------------------------
 ! Number of branches     : 4008
 ! Number of fails        : 258
 ! Total memory usage     : 56.1 MB (55.4 MB CP Optimizer + 0.8 MB Concert)
 ! Time spent in solve    : 0.23s (0.21s engine + 0.02s extraction)
 ! Search speed (br. / s) : 19085.7
 ! ----------------------------------------------------------------------------
! --------------------------------------------------------
! Best span = 330
! Labeling: 1 1 1 330 1 330 330 1 1 330 330 1 330 330 330 1 330 1 330 1 1 330 1 330 1 1 330 330 1 330 1 1 330 330 330 1 330 1 1 330 1 330 1 330 1 1 330 1 1 330 1 1 1 330 330 330 330 1 330 330 1 330 330 1 1 330 330 330 330 1 1 1 1 330 330 1 1 1 330 1 1 330 330 330 1 330 330 330 330 1 1 1 330 1 330 330 1 1 1 1 330 1 1 1 1 1 1 330 1 1 1 1 1 1 1 330 1 330 330 330 330 1 330 330 1 1 1 330 330 330 1 1 1 330 1 330 330 1 1 330 330 1 1 330 330 330 1 1 330 1 330 1 330 1 330 330 1 1 1 330 330 330 330 330 1 1 330 1 1 330 330 330 1 330 330 1 1 1 1 1 1 330 330 330 1 330 330 330 1 330 330 330 330 1 330 330 330 1 1 1 330 330 330 330 1 330 330 330 330 330 330 330 330 330 330 1 1 1 330 1 1 330 330 1 1 330 330 330 1 1 1 330 330 330 330 1 330 1 330 1 1 1 1 1 330 1 1 330 330 1 330 330 1 1 1 1 1 1 1 1 330 1 330 1 330 1 1 1 1 1 330 330 330 1 330 1 1 1 330 330 1 330 330 1 330 330 330 330 330 1 1 330 1 330 1 330 330 330 330 330 1 1 330 1 330 330 330 1 330 1 1 1 330 1 1 330 330 330 330 1 330 330 330 1 1 330 1 330 1 1 1 1 330 330 1 1 1 1 330 330 1 330 1 1 1 330 1 1 330 1 330 1 1 330 330 1 1 1 1 1 330 330 1 1 1 330 1 1 330 330 1 330 330 1 1 1 1 330 1 1 1 1 330 1 1 1 1 1 330 330 1 1 1 330 330 330 330 1 1 330 330 1 1 330 1 1 330 330 330 1 330 1 1 1 330 330 1 330 1 330 330 1 1 1 330 330 1 1 330 1 1 330 1 1 330 1 1 1 1 330 1 330 330 1 1 330 1 1 330 330 1 330 330 330 1 1 1 1 1 330 1 330 330 330 330 330 330 330 330 1 330 1 1 1 1 1 1 330 330 1 330 330 1 1 1 330 1 330 330 1 1 330 330 330 1 1 1 330 1 1 330 330 1 330 330 330 330 1 330 1 330 330 330 1 1 1 1 1 330 330 1 1 330 330 1 330 1 330 330 330 1 330 330 330 330 330 330 330 1 330 330 1 1 330 330 330 330 330 1 1 330 330 1 1 1 1 1 330 1 330 1 330 1 330 1 330 330 330 1 330 330 1 330 330 1 1 1 330 330 1 1 330 1 1 330 330 1 330 1 1 1 1 1 330 1 1 330 330 330 330 1 1 1 1 330 330 330 330 330 1 1 330 330 1 1 330 330 1 1 330 330 1 330 1 1 1 330 330 330 330 1 330 330 330 1 1 330 1 330 330 330 330 330 330 1 1 330 330 330 1 330 330 330 330 1 1 330 1 1 330 330 330 1 330 330 330 1 1 330 1 330 1 1 1 1 
! -------------------------------------------------------- 
