! Solving for graph ../../../benchmarks/abp/S-sherman4.mtx.rnd
! Target value is set to 320
 ! --------------------------------------------------- CP Optimizer 22.2.0.0 --
 ! Minimization problem - 547 variables, 1887 constraints, 1 phase
 ! TimeLimit            = 1800
 ! LogVerbosity         = Terse
 ! Initial process time : 0.02s (0.02s extraction + 0.00s propagation)
 !  . Log search space  : 5150.4 (before), 5150.4 (after)
 !  . Memory usage      : 929.7 kB (before), 929.7 kB (after)
 ! Using parallel search with 8 workers.
 ! ----------------------------------------------------------------------------
 !          Best Branches  Non-fixed    W       Branch decision
                        0        547                 -
 + New bound is 1
                        0        547    1            -
 + New bound is 320
                        0        547    1   F        -
 + New bound is 321
 *           321      547  0.20s        1      (gap is 0.00%)
 ! ----------------------------------------------------------------------------
 ! Search completed, 1 solution found.
 ! Best objective         : 321 (optimal - effective tol. is 0)
 ! Best bound             : 321
 ! ----------------------------------------------------------------------------
 ! Number of branches     : 6192
 ! Number of fails        : 142
 ! Total memory usage     : 48.7 MB (47.9 MB CP Optimizer + 0.8 MB Concert)
 ! Time spent in solve    : 0.20s (0.18s engine + 0.02s extraction)
 ! Search speed (br. / s) : 36423.5
 ! ----------------------------------------------------------------------------
! --------------------------------------------------------
! Best span = 321
! Labeling: 321 321 1 1 1 321 321 321 321 321 1 321 321 1 321 321 321 1 1 1 321 1 1 321 1 1 321 321 321 1 1 1 1 1 321 321 1 321 1 321 321 1 321 1 1 1 1 1 1 1 1 1 321 321 1 321 321 1 1 1 1 1 1 1 1 321 1 321 1 321 1 321 321 321 321 321 321 1 321 321 1 1 321 1 321 321 1 321 321 321 321 321 1 1 321 1 321 1 1 1 1 321 321 1 1 1 1 321 1 321 1 321 321 321 321 1 1 1 1 1 321 1 1 1 1 1 1 321 1 1 321 1 1 1 1 321 321 1 321 1 1 1 321 321 321 321 321 321 1 321 321 1 321 321 1 1 1 1 321 321 321 321 1 321 1 1 321 1 321 321 321 321 1 1 321 1 1 1 321 321 321 321 321 321 321 1 1 1 1 321 321 1 321 1 1 1 321 321 321 1 321 321 321 1 1 1 321 321 1 321 321 1 321 1 321 321 1 321 1 1 1 1 321 321 321 1 321 1 1 321 1 321 321 1 1 1 1 321 321 321 1 1 321 321 1 1 1 1 321 321 321 321 1 1 1 1 321 1 1 321 321 1 321 321 1 1 1 1 1 1 321 1 1 321 321 321 1 321 1 1 1 321 1 321 1 1 321 1 1 321 321 1 1 1 1 1 321 321 1 1 321 321 321 321 321 1 321 321 321 321 1 1 321 1 321 1 321 321 1 321 1 1 321 321 1 321 321 1 1 321 321 321 1 1 1 1 1 1 321 321 1 1 321 1 1 321 1 321 1 321 321 321 1 321 1 321 321 321 321 321 321 321 321 1 321 1 1 1 1 321 1 321 321 321 321 1 321 321 1 321 321 321 1 1 1 321 1 321 321 321 321 1 321 1 1 1 321 321 321 1 1 1 321 321 1 321 1 321 321 1 321 1 1 1 1 321 321 321 1 321 321 321 321 1 1 1 321 321 321 321 1 321 321 1 1 1 1 321 1 1 321 321 1 321 321 321 1 321 321 1 321 1 1 1 1 321 321 321 321 321 1 1 321 321 1 321 1 1 1 1 321 1 1 321 321 1 321 1 321 1 1 321 321 1 321 321 321 321 1 321 321 321 321 1 321 1 321 1 321 321 1 321 1 1 1 1 1 1 321 1 1 1 1 1 1 1 321 1 321 1 321 321 321 1 321 321 1 1 1 321 1 321 321 1 1 321 321 321 1 321 321 321 321 321 1 1 
! -------------------------------------------------------- 
