! Solving for graph ../../../benchmarks/abp/T-dwt__592.mtx.rnd
! Target value is set to 130
 ! --------------------------------------------------- CP Optimizer 22.2.0.0 --
 ! Minimization problem - 593 variables, 2848 constraints, 1 phase
 ! TimeLimit            = 1800
 ! LogVerbosity         = Terse
 ! Initial process time : 0.04s (0.04s extraction + 0.00s propagation)
 !  . Log search space  : 5652.1 (before), 5652.1 (after)
 !  . Memory usage      : 1.2 MB (before), 1.2 MB (after)
 ! Using parallel search with 8 workers.
 ! ----------------------------------------------------------------------------
 !          Best Branches  Non-fixed    W       Branch decision
                        0        593                 -
 + New bound is 1
                        0        593    1   F        -
 + New bound is 130
                        0        593    1   F        -
 + New bound is 131
 *           651      588  0.17s        1      (gap is 79.88%)
 *           595      612  0.17s        3      (gap is 77.98%)
 *           391      593  0.17s        4      (gap is 66.50%)
             391    12010        593    1   F   130 != _int534
 + New bound is 262 (gap is 32.99%)
             391     640k        592    4   F   138 != _int256
 + New bound is 270 (gap is 30.95%)
             391     547k        592    1            -
 + New bound is 391 (gap is 0.00%)
 ! ----------------------------------------------------------------------------
 ! Search completed, 3 solutions found.
 ! Best objective         : 391 (optimal - effective tol. is 0)
 ! Best bound             : 391
 ! ----------------------------------------------------------------------------
 ! Number of branches     : 5820045
 ! Number of fails        : 2533561
 ! Total memory usage     : 97.2 MB (96.0 MB CP Optimizer + 1.2 MB Concert)
 ! Time spent in solve    : 84.34s (84.31s engine + 0.04s extraction)
 ! Search speed (br. / s) : 69039.7
 ! ----------------------------------------------------------------------------
! --------------------------------------------------------
! Best span = 391
! Labeling: 131 1 391 1 1 261 391 131 391 391 131 131 391 261 1 1 261 131 131 1 391 391 261 1 391 391 1 1 391 1 261 131 391 131 261 391 1 131 261 1 261 261 131 131 261 131 1 391 261 261 261 261 261 391 131 261 391 131 131 261 391 1 261 261 261 131 1 1 261 261 391 131 131 1 261 131 391 131 261 391 1 131 1 1 261 261 391 391 131 131 131 391 1 1 391 261 131 391 1 131 131 391 261 131 1 131 1 131 391 131 261 261 131 261 1 391 391 391 261 131 391 1 131 131 391 1 1 261 261 391 261 391 391 1 1 1 131 1 391 131 131 1 391 1 261 261 1 1 131 131 391 261 391 261 1 1 261 261 261 261 131 1 261 1 261 131 391 261 391 1 261 261 131 1 131 391 391 391 1 261 261 131 1 131 261 261 261 1 131 131 131 131 391 1 391 131 261 391 391 1 391 1 1 1 131 1 391 131 391 1 131 1 391 131 391 261 131 1 391 391 261 1 131 261 1 261 1 1 261 391 391 1 1 131 261 131 131 261 1 261 261 391 391 1 391 261 261 131 261 1 1 131 131 131 131 1 261 131 391 261 261 261 391 261 1 261 1 131 261 131 1 1 131 391 1 131 131 261 391 1 391 391 1 131 261 131 391 131 391 261 1 1 391 391 261 391 131 1 131 261 131 1 131 261 131 261 261 261 131 131 391 391 1 391 391 1 391 391 261 391 261 261 391 1 131 1 131 261 261 1 391 1 261 261 131 261 391 131 131 1 131 261 261 391 391 261 1 391 261 131 261 391 131 391 1 1 261 261 391 391 131 131 391 131 261 261 131 131 261 391 131 391 131 131 391 391 131 131 391 391 1 261 261 1 1 1 391 131 261 1 391 261 391 391 261 131 391 131 131 1 261 391 391 131 391 131 131 1 391 1 391 391 1 391 131 261 131 1 261 131 391 1 1 391 261 261 261 1 261 391 391 1 391 1 131 131 261 261 391 1 131 391 391 391 131 131 261 1 1 131 131 261 131 261 131 1 1 391 261 391 261 1 131 261 1 261 1 131 131 131 391 391 261 391 391 131 131 391 261 131 261 131 391 391 1 261 1 1 261 261 1 261 1 1 261 1 391 1 391 131 391 1 1 1 1 131 1 131 1 1 391 391 1 391 391 261 1 1 1 131 261 261 1 131 261 391 131 391 1 1 131 1 391 261 1 131 261 261 391 1 131 131 1 261 261 261 391 1 1 1 1 131 1 261 391 391 131 131 1 1 1 261 391 391 261 131 391 391 391 261 1 391 1 1 391 391 131 391 391 131 261 131 391 131 261 391 131 1 131 261 131 131 
! -------------------------------------------------------- 
