! Solving for graph ../../../benchmarks/abp/V-nos6.mtx.rnd
! Target value is set to 408
 ! --------------------------------------------------- CP Optimizer 22.2.0.0 --
 ! Minimization problem - 676 variables, 1965 constraints, 1 phase
 ! TimeLimit            = 1800
 ! LogVerbosity         = Terse
 ! Initial process time : 0.04s (0.04s extraction + 0.00s propagation)
 !  . Log search space  : 6571.5 (before), 6571.5 (after)
 !  . Memory usage      : 1.0 MB (before), 1.0 MB (after)
 ! Using parallel search with 8 workers.
 ! ----------------------------------------------------------------------------
 !          Best Branches  Non-fixed    W       Branch decision
                        0        676                 -
 + New bound is 1
                        0        676    1   F        -
 + New bound is 409
 *           409        1  0.25s        1      (gap is 0.00%)
 ! ----------------------------------------------------------------------------
 ! Search completed, 1 solution found.
 ! Best objective         : 409 (optimal - effective tol. is 0)
 ! Best bound             : 409
 ! ----------------------------------------------------------------------------
 ! Number of branches     : 4008
 ! Number of fails        : 278
 ! Total memory usage     : 64.0 MB (63.2 MB CP Optimizer + 0.8 MB Concert)
 ! Time spent in solve    : 0.25s (0.22s engine + 0.04s extraction)
 ! Search speed (br. / s) : 18218.2
 ! ----------------------------------------------------------------------------
! --------------------------------------------------------
! Best span = 409
! Labeling: 1 1 1 409 1 409 409 1 1 409 409 1 409 409 409 1 409 1 409 1 1 409 1 409 1 1 409 409 1 409 1 1 409 409 409 1 409 1 1 409 1 409 1 409 1 1 409 1 1 409 1 1 1 409 409 409 409 1 409 409 1 409 409 1 1 409 409 409 409 1 1 1 1 409 409 1 1 1 409 1 1 409 409 409 1 409 409 409 409 1 1 1 409 1 409 409 1 1 1 1 409 1 1 1 1 1 1 409 1 1 1 1 1 1 1 409 1 409 409 409 409 1 409 409 1 1 1 409 409 409 1 1 1 409 1 409 409 1 1 409 409 1 1 409 409 409 1 1 409 1 409 1 409 1 409 409 1 1 1 409 409 409 409 409 1 1 409 1 1 409 409 409 1 409 409 1 1 1 1 1 1 409 409 409 1 409 409 409 1 409 409 409 409 1 409 409 409 1 1 1 409 409 409 409 1 409 409 409 409 409 409 409 409 409 409 1 1 1 409 1 1 409 409 1 1 409 409 409 1 1 1 409 409 409 409 1 409 1 409 1 1 1 1 1 409 1 1 409 409 1 409 409 1 1 1 1 1 1 1 1 409 1 409 1 409 1 1 1 1 1 409 409 409 1 409 1 1 1 409 409 1 409 409 1 409 409 409 409 409 1 1 409 1 409 1 409 409 409 409 409 1 1 409 1 409 409 409 1 409 1 1 1 409 1 1 409 409 409 409 1 409 409 409 1 1 409 1 409 1 1 1 1 409 409 1 1 1 1 409 409 1 409 1 1 1 409 1 1 409 1 409 1 1 409 409 1 1 1 1 1 409 409 1 1 1 409 1 1 409 409 1 409 409 1 1 1 1 409 1 1 1 1 409 1 1 1 1 1 409 409 1 1 1 409 409 409 409 1 1 409 409 1 1 409 1 1 409 409 409 1 409 1 1 1 409 409 1 409 1 409 409 1 1 1 409 409 1 1 409 1 1 409 1 1 409 1 1 1 1 409 1 409 409 1 1 409 1 1 409 409 1 409 409 409 1 1 1 1 1 409 1 409 409 409 409 409 409 409 409 1 409 1 1 1 1 1 1 409 409 1 409 409 1 1 1 409 1 409 409 1 1 409 409 409 1 1 1 409 1 1 409 409 1 409 409 409 409 1 409 1 409 409 409 1 1 1 1 1 409 409 1 1 409 409 1 409 1 409 409 409 1 409 409 409 409 409 409 409 1 409 409 1 1 409 409 409 409 409 1 1 409 409 1 1 1 1 1 409 1 409 1 409 1 409 1 409 409 409 1 409 409 1 409 409 1 1 1 409 409 1 1 409 1 1 409 409 1 409 1 1 1 1 1 409 1 1 409 409 409 409 1 1 1 1 409 409 409 409 409 1 1 409 409 1 1 409 409 1 1 409 409 1 409 1 1 1 409 409 409 409 1 409 409 409 1 1 409 1 409 409 409 409 409 409 1 1 409 409 409 1 409 409 409 409 1 1 409 1 1 409 409 409 1 409 409 409 1 1 409 1 409 1 1 1 1 
! -------------------------------------------------------- 
