! Solving for graph ../../../benchmarks/linear/S-sherman4.mtx.rnd
! Target value is set to 128
 ! --------------------------------------------------- CP Optimizer 22.2.0.0 --
 ! Minimization problem - 547 variables, 1887 constraints, 1 phase
 ! TimeLimit            = 1800
 ! LogVerbosity         = Terse
 ! Initial process time : 0.04s (0.04s extraction + 0.00s propagation)
 !  . Log search space  : 4973.7 (before), 4973.7 (after)
 !  . Memory usage      : 929.7 kB (before), 929.7 kB (after)
 ! Using parallel search with 8 workers.
 ! ----------------------------------------------------------------------------
 !          Best Branches  Non-fixed    W       Branch decision
                        0        547                 -
 + New bound is 1
                        0        547    1            -
 + New bound is 128
                        0        547    1   F        -
 + New bound is 129
 *           129      547  0.15s        1      (gap is 0.00%)
 ! ----------------------------------------------------------------------------
 ! Search completed, 1 solution found.
 ! Best objective         : 129 (optimal - effective tol. is 0)
 ! Best bound             : 129
 ! ----------------------------------------------------------------------------
 ! Number of branches     : 6192
 ! Number of fails        : 104
 ! Total memory usage     : 33.3 MB (32.5 MB CP Optimizer + 0.8 MB Concert)
 ! Time spent in solve    : 0.15s (0.11s engine + 0.04s extraction)
 ! Search speed (br. / s) : 56290.9
 ! ----------------------------------------------------------------------------
! --------------------------------------------------------
! Best span = 129
! Labeling: 129 129 1 1 1 129 129 129 129 129 1 129 129 1 129 129 129 1 1 1 129 1 1 129 1 1 129 129 129 1 1 1 1 1 129 129 1 129 1 129 129 1 129 1 1 1 1 1 1 1 1 1 129 129 1 129 129 1 1 1 1 1 1 1 1 129 1 129 1 129 1 129 129 129 129 129 129 1 129 129 1 1 129 1 129 129 1 129 129 129 129 129 1 1 129 1 129 1 1 1 1 129 129 1 1 1 1 129 1 129 1 129 129 129 129 1 1 1 1 1 129 1 1 1 1 1 1 129 1 1 129 1 1 1 1 129 129 1 129 1 1 1 129 129 129 129 129 129 1 129 129 1 129 129 1 1 1 1 129 129 129 129 1 129 1 1 129 1 129 129 129 129 1 1 129 1 1 1 129 129 129 129 129 129 129 1 1 1 1 129 129 1 129 1 1 1 129 129 129 1 129 129 129 1 1 1 129 129 1 129 129 1 129 1 129 129 1 129 1 1 1 1 129 129 129 1 129 1 1 129 1 129 129 1 1 1 1 129 129 129 1 1 129 129 1 1 1 1 129 129 129 129 1 1 1 1 129 1 1 129 129 1 129 129 1 1 1 1 1 1 129 1 1 129 129 129 1 129 1 1 1 129 1 129 1 1 129 1 1 129 129 1 1 1 1 1 129 129 1 1 129 129 129 129 129 1 129 129 129 129 1 1 129 1 129 1 129 129 1 129 1 1 129 129 1 129 129 1 1 129 129 129 1 1 1 1 1 1 129 129 1 1 129 1 1 129 1 129 1 129 129 129 1 129 1 129 129 129 129 129 129 129 129 1 129 1 1 1 1 129 1 129 129 129 129 1 129 129 1 129 129 129 1 1 1 129 1 129 129 129 129 1 129 1 1 1 129 129 129 1 1 1 129 129 1 129 1 129 129 1 129 1 1 1 1 129 129 129 1 129 129 129 129 1 1 1 129 129 129 129 1 129 129 1 1 1 1 129 1 1 129 129 1 129 129 129 1 129 129 1 129 1 1 1 1 129 129 129 129 129 1 1 129 129 1 129 1 1 1 1 129 1 1 129 129 1 129 1 129 1 1 129 129 1 129 129 129 129 1 129 129 129 129 1 129 1 129 1 129 129 1 129 1 1 1 1 1 1 129 1 1 1 1 1 1 1 129 1 129 1 129 129 129 1 129 129 1 1 1 129 1 129 129 1 1 129 129 129 1 129 129 129 129 129 1 1 
! -------------------------------------------------------- 
