! Solving for graph ../../../benchmarks/linear/T-dwt__592.mtx.rnd
! Target value is set to 52
 ! --------------------------------------------------- CP Optimizer 22.2.0.0 --
 ! Minimization problem - 593 variables, 2848 constraints, 1 phase
 ! TimeLimit            = 1800
 ! LogVerbosity         = Terse
 ! Initial process time : 0.04s (0.04s extraction + 0.00s propagation)
 !  . Log search space  : 5461.2 (before), 5461.2 (after)
 !  . Memory usage      : 1.2 MB (before), 1.2 MB (after)
 ! Using parallel search with 8 workers.
 ! ----------------------------------------------------------------------------
 !          Best Branches  Non-fixed    W       Branch decision
                        0        593                 -
 + New bound is 1
                        0        593    1   F        -
 + New bound is 53
                        2        592    1   F     1 != _int423
 + New bound is 54
 *           261      595  0.15s        1      (gap is 79.31%)
 *           157      595  0.15s        4      (gap is 65.61%)
             157     6006        591    4   F   105 != _int2
 + New bound is 106 (gap is 32.48%)
             157    14042        591    4   F     2 != _int3
 + New bound is 107 (gap is 31.85%)
             157    14289        591    1   F     3 != _int317
 + New bound is 108 (gap is 31.21%)
             157    38369        591    7   F     4 != _int441
 + New bound is 109 (gap is 30.57%)
             157     134k        445    1            -
 + New bound is 157 (gap is 0.00%)
 ! ----------------------------------------------------------------------------
 ! Search completed, 2 solutions found.
 ! Best objective         : 157 (optimal - effective tol. is 0)
 ! Best bound             : 157
 ! ----------------------------------------------------------------------------
 ! Number of branches     : 1124780
 ! Number of fails        : 486069
 ! Total memory usage     : 59.5 MB (58.3 MB CP Optimizer + 1.2 MB Concert)
 ! Time spent in solve    : 10.25s (10.22s engine + 0.04s extraction)
 ! Search speed (br. / s) : 110164.5
 ! ----------------------------------------------------------------------------
! --------------------------------------------------------
! Best span = 157
! Labeling: 53 1 157 1 1 105 157 53 157 157 53 53 157 105 1 1 105 53 53 1 157 157 105 1 157 157 1 1 157 1 105 53 157 53 105 157 1 53 105 1 105 105 53 53 105 53 1 157 105 105 105 105 105 157 53 105 157 53 53 105 157 1 105 105 105 53 1 1 105 105 157 53 53 1 105 53 157 53 105 157 1 53 1 1 105 105 157 157 53 53 53 157 1 1 157 105 53 157 1 53 53 157 105 53 1 53 1 53 157 53 105 105 53 105 1 157 157 157 105 53 157 1 53 53 157 1 1 105 105 157 105 157 157 1 1 1 53 1 157 53 53 1 157 1 105 105 1 1 53 53 157 105 157 105 1 1 105 105 105 105 53 1 105 1 105 53 157 105 157 1 105 105 53 1 53 157 157 157 1 105 105 53 1 53 105 105 105 1 53 53 53 53 157 1 157 53 105 157 157 1 157 1 1 1 53 1 157 53 157 1 53 1 157 53 157 105 53 1 157 157 105 1 53 105 1 105 1 1 105 157 157 1 1 53 105 53 53 105 1 105 105 157 157 1 157 105 105 53 105 1 1 53 53 53 53 1 105 53 157 105 105 105 157 105 1 105 1 53 105 53 1 1 53 157 1 53 53 105 157 1 157 157 1 53 105 53 157 53 157 105 1 1 157 157 105 157 53 1 53 105 53 1 53 105 53 105 105 105 53 53 157 157 1 157 157 1 157 157 105 157 105 105 157 1 53 1 53 105 105 1 157 1 105 105 53 105 157 53 53 1 53 105 105 157 157 105 1 157 105 53 105 157 53 157 1 1 105 105 157 157 53 53 157 53 105 105 53 53 105 157 53 157 53 53 157 157 53 53 157 157 1 105 105 1 1 1 157 53 105 1 157 105 157 157 105 53 157 53 53 1 105 157 157 53 157 53 53 1 157 1 157 157 1 157 53 105 53 1 105 53 157 1 1 157 105 105 105 1 105 157 157 1 157 1 53 53 105 105 157 1 53 157 157 157 53 53 105 1 1 53 53 105 53 105 53 1 1 157 105 157 105 1 53 105 1 105 1 53 53 53 157 157 105 157 157 53 53 157 105 53 105 53 157 157 1 105 1 1 105 105 1 105 1 1 105 1 157 1 157 53 157 1 1 1 1 53 1 53 1 1 157 157 1 157 157 105 1 1 1 53 105 105 1 53 105 157 53 157 1 1 53 1 157 105 1 53 105 105 157 1 53 53 1 105 105 105 157 1 1 1 1 53 1 105 157 157 53 53 1 1 1 105 157 157 105 53 157 157 157 105 1 157 1 1 157 157 53 157 157 53 105 53 157 53 105 157 53 1 53 105 53 53 
! -------------------------------------------------------- 
