! Solving for graph ../../../benchmarks/linear/V-nos6.mtx.rnd
! Target value is set to 163
 ! --------------------------------------------------- CP Optimizer 22.2.0.0 --
 ! Minimization problem - 676 variables, 1965 constraints, 1 phase
 ! TimeLimit            = 1800
 ! LogVerbosity         = Terse
 ! Initial process time : 0.03s (0.03s extraction + 0.00s propagation)
 !  . Log search space  : 6353.6 (before), 6353.6 (after)
 !  . Memory usage      : 1.0 MB (before), 1.0 MB (after)
 ! Using parallel search with 8 workers.
 ! ----------------------------------------------------------------------------
 !          Best Branches  Non-fixed    W       Branch decision
                        0        676                 -
 + New bound is 1
                        0        676    1            -
 + New bound is 163
                        0        676    1   F        -
 + New bound is 164
 *           164      676  0.17s        1      (gap is 0.00%)
 ! ----------------------------------------------------------------------------
 ! Search completed, 1 solution found.
 ! Best objective         : 164 (optimal - effective tol. is 0)
 ! Best bound             : 164
 ! ----------------------------------------------------------------------------
 ! Number of branches     : 6708
 ! Number of fails        : 104
 ! Total memory usage     : 41.6 MB (40.9 MB CP Optimizer + 0.8 MB Concert)
 ! Time spent in solve    : 0.17s (0.14s engine + 0.03s extraction)
 ! Search speed (br. / s) : 51600.0
 ! ----------------------------------------------------------------------------
! --------------------------------------------------------
! Best span = 164
! Labeling: 1 1 1 164 1 164 164 1 1 164 164 1 164 164 164 1 164 1 164 1 1 164 1 164 1 1 164 164 1 164 1 1 164 164 164 1 164 1 1 164 1 164 1 164 1 1 164 1 1 164 1 1 1 164 164 164 164 1 164 164 1 164 164 1 1 164 164 164 164 1 1 1 1 164 164 1 1 1 164 1 1 164 164 164 1 164 164 164 164 1 1 1 164 1 164 164 1 1 1 1 164 1 1 1 1 1 1 164 1 1 1 1 1 1 1 164 1 164 164 164 164 1 164 164 1 1 1 164 164 164 1 1 1 164 1 164 164 1 1 164 164 1 1 164 164 164 1 1 164 1 164 1 164 1 164 164 1 1 1 164 164 164 164 164 1 1 164 1 1 164 164 164 1 164 164 1 1 1 1 1 1 164 164 164 1 164 164 164 1 164 164 164 164 1 164 164 164 1 1 1 164 164 164 164 1 164 164 164 164 164 164 164 164 164 164 1 1 1 164 1 1 164 164 1 1 164 164 164 1 1 1 164 164 164 164 1 164 1 164 1 1 1 1 1 164 1 1 164 164 1 164 164 1 1 1 1 1 1 1 1 164 1 164 1 164 1 1 1 1 1 164 164 164 1 164 1 1 1 164 164 1 164 164 1 164 164 164 164 164 1 1 164 1 164 1 164 164 164 164 164 1 1 164 1 164 164 164 1 164 1 1 1 164 1 1 164 164 164 164 1 164 164 164 1 1 164 1 164 1 1 1 1 164 164 1 1 1 1 164 164 1 164 1 1 1 164 1 1 164 1 164 1 1 164 164 1 1 1 1 1 164 164 1 1 1 164 1 1 164 164 1 164 164 1 1 1 1 164 1 1 1 1 164 1 1 1 1 1 164 164 1 1 1 164 164 164 164 1 1 164 164 1 1 164 1 1 164 164 164 1 164 1 1 1 164 164 1 164 1 164 164 1 1 1 164 164 1 1 164 1 1 164 1 1 164 1 1 1 1 164 1 164 164 1 1 164 1 1 164 164 1 164 164 164 1 1 1 1 1 164 1 164 164 164 164 164 164 164 164 1 164 1 1 1 1 1 1 164 164 1 164 164 1 1 1 164 1 164 164 1 1 164 164 164 1 1 1 164 1 1 164 164 1 164 164 164 164 1 164 1 164 164 164 1 1 1 1 1 164 164 1 1 164 164 1 164 1 164 164 164 1 164 164 164 164 164 164 164 1 164 164 1 1 164 164 164 164 164 1 1 164 164 1 1 1 1 1 164 1 164 1 164 1 164 1 164 164 164 1 164 164 1 164 164 1 1 1 164 164 1 1 164 1 1 164 164 1 164 1 1 1 1 1 164 1 1 164 164 164 164 1 1 1 1 164 164 164 164 164 1 1 164 164 1 1 164 164 1 1 164 164 1 164 1 1 1 164 164 164 164 1 164 164 164 1 1 164 1 164 164 164 164 164 164 1 1 164 164 164 1 164 164 164 164 1 1 164 1 1 164 164 164 1 164 164 164 1 1 164 1 164 1 1 1 1 
! -------------------------------------------------------- 
