! Solving for graph ../../../benchmarks/linear/S-sherman4.mtx.rnd
! Target value is set to 192
! No predefined lower bound found. Lower bound is set to 1
! No predefined upper bound found. Upper bound is set to 104641
 ! --------------------------------------------------- CP Optimizer 22.2.0.0 --
 ! Minimization problem - 547 variables, 1887 constraints, 1 phase
 ! TimeLimit            = 30
 ! LogVerbosity         = Verbose
 ! Initial process time : 0.03s (0.03s extraction + 0.00s propagation)
 !  . Log search space  : 9121.3 (before), 9121.3 (after)
 !  . Memory usage      : 929.7 kB (before), 929.7 kB (after)
 ! Using parallel search with 8 workers.
 ! ----------------------------------------------------------------------------
 !          Best Branches  Non-fixed    W       Branch decision
                        0        547                 -
 + New bound is 1
                        0        547    1   F        -
 + New bound is 193
 *           193        1  0.19s        1      (gap is 0.00%)
 ! ----------------------------------------------------------------------------
 ! Search completed, 1 solution found.
 ! Best objective         : 193 (optimal - effective tol. is 0)
 ! Best bound             : 193
 ! ----------------------------------------------------------------------------
 ! Number of branches     : 4008
 ! Number of fails        : 108
 ! Total memory usage     : 83.3 MB (82.5 MB CP Optimizer + 0.8 MB Concert)
 ! Time spent in solve    : 0.19s (0.17s engine + 0.03s extraction)
 ! Search speed (br. / s) : 25050.0
 ! ----------------------------------------------------------------------------
! --------------------------------------------------------
! Best span = 193
! Labeling: 193 193 1 1 1 193 193 193 193 193 1 193 193 1 193 193 193 1 1 1 193 1 1 193 1 1 193 193 193 1 1 1 1 1 193 193 1 193 1 193 193 1 193 1 1 1 1 1 1 1 1 1 193 193 1 193 193 1 1 1 1 1 1 1 1 193 1 193 1 193 1 193 193 193 193 193 193 1 193 193 1 1 193 1 193 193 1 193 193 193 193 193 1 1 193 1 193 1 1 1 1 193 193 1 1 1 1 193 1 193 1 193 193 193 193 1 1 1 1 1 193 1 1 1 1 1 1 193 1 1 193 1 1 1 1 193 193 1 193 1 1 1 193 193 193 193 193 193 1 193 193 1 193 193 1 1 1 1 193 193 193 193 1 193 1 1 193 1 193 193 193 193 1 1 193 1 1 1 193 193 193 193 193 193 193 1 1 1 1 193 193 1 193 1 1 1 193 193 193 1 193 193 193 1 1 1 193 193 1 193 193 1 193 1 193 193 1 193 1 1 1 1 193 193 193 1 193 1 1 193 1 193 193 1 1 1 1 193 193 193 1 1 193 193 1 1 1 1 193 193 193 193 1 1 1 1 193 1 1 193 193 1 193 193 1 1 1 1 1 1 193 1 1 193 193 193 1 193 1 1 1 193 1 193 1 1 193 1 1 193 193 1 1 1 1 1 193 193 1 1 193 193 193 193 193 1 193 193 193 193 1 1 193 1 193 1 193 193 1 193 1 1 193 193 1 193 193 1 1 193 193 193 1 1 1 1 1 1 193 193 1 1 193 1 1 193 1 193 1 193 193 193 1 193 1 193 193 193 193 193 193 193 193 1 193 1 1 1 1 193 1 193 193 193 193 1 193 193 1 193 193 193 1 1 1 193 1 193 193 193 193 1 193 1 1 1 193 193 193 1 1 1 193 193 1 193 1 193 193 1 193 1 1 1 1 193 193 193 1 193 193 193 193 1 1 1 193 193 193 193 1 193 193 1 1 1 1 193 1 1 193 193 1 193 193 193 1 193 193 1 193 1 1 1 1 193 193 193 193 193 1 1 193 193 1 193 1 1 1 1 193 1 1 193 193 1 193 1 193 1 1 193 193 1 193 193 193 193 1 193 193 193 193 1 193 1 193 1 193 193 1 193 1 1 1 1 1 1 193 1 1 1 1 1 1 1 193 1 193 1 193 193 193 1 193 193 1 1 1 193 1 193 193 1 1 193 193 193 1 193 193 193 193 193 1 1 
! -------------------------------------------------------- 
