! Solving for graph ../../../benchmarks/raw/linear/V-nos6.mtx.rnd
! Target value is set to 245
! No predefined lower bound found. Lower bound is set to 1
! No predefined upper bound found. Upper bound is set to 165131
 ! --------------------------------------------------- CP Optimizer 22.2.0.0 --
 ! Minimization problem - 676 variables, 1965 constraints, 1 phase
 ! TimeLimit            = 150
 ! LogVerbosity         = Verbose
 ! Initial process time : 0.02s (0.02s extraction + 0.00s propagation)
 !  . Log search space  : 11717.3 (before), 11717.3 (after)
 !  . Memory usage      : 1.0 MB (before), 1.0 MB (after)
 ! Using parallel search with 8 workers.
 ! ----------------------------------------------------------------------------
 !          Best Branches  Non-fixed    W       Branch decision
                        0        676                 -
 + New bound is 1
                        0        676    1            -
 + New bound is 246
 *           246        1  0.33s        1      (gap is 0.00%)
 ! ----------------------------------------------------------------------------
 ! Search completed, 1 solution found.
 ! Best objective         : 246 (optimal - effective tol. is 0)
 ! Best bound             : 246
 ! ----------------------------------------------------------------------------
 ! Number of branches     : 4008
 ! Number of fails        : 84
 ! Total memory usage     : 171.4 MB (170.7 MB CP Optimizer + 0.8 MB Concert)
 ! Time spent in solve    : 0.33s (0.31s engine + 0.02s extraction)
 ! Search speed (br. / s) : 12929.0
 ! ----------------------------------------------------------------------------
! --------------------------------------------------------
! Best span = 246
! Labeling: 1 1 1 246 1 246 246 1 1 246 246 1 246 246 246 1 246 1 246 1 1 246 1 246 1 1 246 246 1 246 1 1 246 246 246 1 246 1 1 246 1 246 1 246 1 1 246 1 1 246 1 1 1 246 246 246 246 1 246 246 1 246 246 1 1 246 246 246 246 1 1 1 1 246 246 1 1 1 246 1 1 246 246 246 1 246 246 246 246 1 1 1 246 1 246 246 1 1 1 1 246 1 1 1 1 1 1 246 1 1 1 1 1 1 1 246 1 246 246 246 246 1 246 246 1 1 1 246 246 246 1 1 1 246 1 246 246 1 1 246 246 1 1 246 246 246 1 1 246 1 246 1 246 1 246 246 1 1 1 246 246 246 246 246 1 1 246 1 1 246 246 246 1 246 246 1 1 1 1 1 1 246 246 246 1 246 246 246 1 246 246 246 246 1 246 246 246 1 1 1 246 246 246 246 1 246 246 246 246 246 246 246 246 246 246 1 1 1 246 1 1 246 246 1 1 246 246 246 1 1 1 246 246 246 246 1 246 1 246 1 1 1 1 1 246 1 1 246 246 1 246 246 1 1 1 1 1 1 1 1 246 1 246 1 246 1 1 1 1 1 246 246 246 1 246 1 1 1 246 246 1 246 246 1 246 246 246 246 246 1 1 246 1 246 1 246 246 246 246 246 1 1 246 1 246 246 246 1 246 1 1 1 246 1 1 246 246 246 246 1 246 246 246 1 1 246 1 246 1 1 1 1 246 246 1 1 1 1 246 246 1 246 1 1 1 246 1 1 246 1 246 1 1 246 246 1 1 1 1 1 246 246 1 1 1 246 1 1 246 246 1 246 246 1 1 1 1 246 1 1 1 1 246 1 1 1 1 1 246 246 1 1 1 246 246 246 246 1 1 246 246 1 1 246 1 1 246 246 246 1 246 1 1 1 246 246 1 246 1 246 246 1 1 1 246 246 1 1 246 1 1 246 1 1 246 1 1 1 1 246 1 246 246 1 1 246 1 1 246 246 1 246 246 246 1 1 1 1 1 246 1 246 246 246 246 246 246 246 246 1 246 1 1 1 1 1 1 246 246 1 246 246 1 1 1 246 1 246 246 1 1 246 246 246 1 1 1 246 1 1 246 246 1 246 246 246 246 1 246 1 246 246 246 1 1 1 1 1 246 246 1 1 246 246 1 246 1 246 246 246 1 246 246 246 246 246 246 246 1 246 246 1 1 246 246 246 246 246 1 1 246 246 1 1 1 1 1 246 1 246 1 246 1 246 1 246 246 246 1 246 246 1 246 246 1 1 1 246 246 1 1 246 1 1 246 246 1 246 1 1 1 1 1 246 1 1 246 246 246 246 1 1 1 1 246 246 246 246 246 1 1 246 246 1 1 246 246 1 1 246 246 1 246 1 1 1 246 246 246 246 1 246 246 246 1 1 246 1 246 246 246 246 246 246 1 1 246 246 246 1 246 246 246 246 1 1 246 1 1 246 246 246 1 246 246 246 1 1 246 1 246 1 1 1 1 
! -------------------------------------------------------- 
