! Solving for graph ../../../benchmarks/raw/linear/V-nos6.mtx.rnd
! Target value is set to 571
! No predefined lower bound found. Lower bound is set to 1
! No predefined upper bound found. Upper bound is set to 384855
 ! --------------------------------------------------- CP Optimizer 22.2.0.0 --
 ! Minimization problem - 676 variables, 1965 constraints, 1 phase
 ! TimeLimit            = 150
 ! LogVerbosity         = Verbose
 ! Initial process time : 0.02s (0.02s extraction + 0.00s propagation)
 !  . Log search space  : 12542.5 (before), 12542.5 (after)
 !  . Memory usage      : 1.0 MB (before), 1.0 MB (after)
 ! Using parallel search with 8 workers.
 ! ----------------------------------------------------------------------------
 !          Best Branches  Non-fixed    W       Branch decision
                        0        676                 -
 + New bound is 1
                        0        676    1            -
 + New bound is 572
 *           572        1  0.41s        1      (gap is 0.00%)
 ! ----------------------------------------------------------------------------
 ! Search completed, 1 solution found.
 ! Best objective         : 572 (optimal - effective tol. is 0)
 ! Best bound             : 572
 ! ----------------------------------------------------------------------------
 ! Number of branches     : 4008
 ! Number of fails        : 92
 ! Total memory usage     : 81.4 MB (80.6 MB CP Optimizer + 0.8 MB Concert)
 ! Time spent in solve    : 0.41s (0.39s engine + 0.02s extraction)
 ! Search speed (br. / s) : 10547.4
 ! ----------------------------------------------------------------------------
! --------------------------------------------------------
! Best span = 572
! Labeling: 1 1 1 572 1 572 572 1 1 572 572 1 572 572 572 1 572 1 572 1 1 572 1 572 1 1 572 572 1 572 1 1 572 572 572 1 572 1 1 572 1 572 1 572 1 1 572 1 1 572 1 1 1 572 572 572 572 1 572 572 1 572 572 1 1 572 572 572 572 1 1 1 1 572 572 1 1 1 572 1 1 572 572 572 1 572 572 572 572 1 1 1 572 1 572 572 1 1 1 1 572 1 1 1 1 1 1 572 1 1 1 1 1 1 1 572 1 572 572 572 572 1 572 572 1 1 1 572 572 572 1 1 1 572 1 572 572 1 1 572 572 1 1 572 572 572 1 1 572 1 572 1 572 1 572 572 1 1 1 572 572 572 572 572 1 1 572 1 1 572 572 572 1 572 572 1 1 1 1 1 1 572 572 572 1 572 572 572 1 572 572 572 572 1 572 572 572 1 1 1 572 572 572 572 1 572 572 572 572 572 572 572 572 572 572 1 1 1 572 1 1 572 572 1 1 572 572 572 1 1 1 572 572 572 572 1 572 1 572 1 1 1 1 1 572 1 1 572 572 1 572 572 1 1 1 1 1 1 1 1 572 1 572 1 572 1 1 1 1 1 572 572 572 1 572 1 1 1 572 572 1 572 572 1 572 572 572 572 572 1 1 572 1 572 1 572 572 572 572 572 1 1 572 1 572 572 572 1 572 1 1 1 572 1 1 572 572 572 572 1 572 572 572 1 1 572 1 572 1 1 1 1 572 572 1 1 1 1 572 572 1 572 1 1 1 572 1 1 572 1 572 1 1 572 572 1 1 1 1 1 572 572 1 1 1 572 1 1 572 572 1 572 572 1 1 1 1 572 1 1 1 1 572 1 1 1 1 1 572 572 1 1 1 572 572 572 572 1 1 572 572 1 1 572 1 1 572 572 572 1 572 1 1 1 572 572 1 572 1 572 572 1 1 1 572 572 1 1 572 1 1 572 1 1 572 1 1 1 1 572 1 572 572 1 1 572 1 1 572 572 1 572 572 572 1 1 1 1 1 572 1 572 572 572 572 572 572 572 572 1 572 1 1 1 1 1 1 572 572 1 572 572 1 1 1 572 1 572 572 1 1 572 572 572 1 1 1 572 1 1 572 572 1 572 572 572 572 1 572 1 572 572 572 1 1 1 1 1 572 572 1 1 572 572 1 572 1 572 572 572 1 572 572 572 572 572 572 572 1 572 572 1 1 572 572 572 572 572 1 1 572 572 1 1 1 1 1 572 1 572 1 572 1 572 1 572 572 572 1 572 572 1 572 572 1 1 1 572 572 1 1 572 1 1 572 572 1 572 1 1 1 1 1 572 1 1 572 572 572 572 1 1 1 1 572 572 572 572 572 1 1 572 572 1 1 572 572 1 1 572 572 1 572 1 1 1 572 572 572 572 1 572 572 572 1 1 572 1 572 572 572 572 572 572 1 1 572 572 572 1 572 572 572 572 1 1 572 1 1 572 572 572 1 572 572 572 1 1 572 1 572 1 1 1 1 
! -------------------------------------------------------- 
