! Solving for graph ../../../benchmarks/abp/U-662_bus.mtx.rnd
! Target value is set to 165
! Lower bound is set to 166
! Upper bound is set to 496
! Time limit is set to 1800
! Vertices mode is set to No hole
 ! --------------------------------------------------- CP Optimizer 22.2.0.0 --
 ! Minimization problem - 663 variables, 2560 constraints, 1 phase
 ! Presolve      : 496 extractables eliminated, 1 constraint generated
 ! TimeLimit            = 1800
 ! LogVerbosity         = Terse
 ! Initial process time : 0.09s (0.09s extraction + 0.00s propagation)
 !  . Log search space  : 5936.0 (before), 5936.0 (after)
 !  . Memory usage      : 1.5 MB (before), 1.5 MB (after)
 ! Using parallel search with 8 workers.
 ! ----------------------------------------------------------------------------
 !          Best Branches  Non-fixed    W       Branch decision
                        0        663                 -
 + New bound is 166
                        0        663    1            -
 + New bound is 329
                        0        663    1   F        -
 + New bound is 330
 *           496     1496  0.63s        2      (gap is 33.47%)
             496     319k        641    7   F   166 != _int655
 + New bound is 333 (gap is 32.86%)
             496     319k        641    7   F   166 != _int655
 + New bound is 334 (gap is 32.66%)
             496     421k        527    1   F        -
 + New bound is 335 (gap is 32.46%)
             496     454k        660    1            -
 + New bound is 496 (gap is 0.00%)
 ! ----------------------------------------------------------------------------
 ! Search completed, 1 solution found.
 ! Best objective         : 496 (optimal - effective tol. is 0)
 ! Best bound             : 496
 ! ----------------------------------------------------------------------------
 ! Number of branches     : 3476620
 ! Number of fails        : 1477487
 ! Total memory usage     : 144.6 MB (140.6 MB CP Optimizer + 4.0 MB Concert)
 ! Time spent in solve    : 71.13s (71.04s engine + 0.09s extraction)
 ! Search speed (br. / s) : 48938.9
 ! ----------------------------------------------------------------------------
! --------------------------------------------------------
! Best span = 496
! Labeling: 19 57 397 68 196 157 337 135 491 488 253 394 197 216 60 234 312 76 495 160 29 485 201 66 1 441 323 388 494 428 281 7 453 412 272 169 193 487 219 182 357 247 445 13 43 20 98 72 127 398 293 177 50 23 149 93 168 471 396 242 91 178 194 359 61 496 317 7 100 102 255 10 346 462 316 329 170 40 292 147 80 195 418 192 261 467 148 32 12 331 445 392 408 496 56 131 314 468 363 230 1 450 79 178 496 44 2 438 237 52 45 460 328 254 176 390 486 271 299 319 262 156 404 277 246 224 340 159 6 90 440 465 70 82 2 456 77 278 206 35 15 412 255 113 378 457 53 173 274 276 69 496 243 325 41 59 31 44 284 370 76 78 400 238 207 476 463 415 453 24 240 334 85 471 386 83 1 111 419 144 492 376 416 490 326 142 365 408 113 2 11 269 63 479 96 440 477 9 358 446 414 266 301 179 103 432 239 429 444 361 320 275 330 204 274 353 315 413 453 18 16 213 339 62 435 73 65 270 485 10 263 426 407 434 104 109 322 402 280 181 453 449 19 17 371 478 75 495 14 295 493 42 169 249 360 395 228 94 475 403 409 251 472 454 43 412 493 116 393 89 351 343 166 138 478 171 279 401 356 48 252 108 494 151 201 166 225 493 74 481 4 388 294 350 137 218 324 163 338 302 22 491 130 67 413 189 364 321 423 469 133 78 405 2 495 264 306 153 226 273 452 208 303 158 328 54 4 213 494 286 459 409 91 399 228 258 433 297 457 341 223 260 349 51 95 84 154 213 169 431 477 309 42 10 274 166 332 152 162 210 10 355 427 118 72 10 175 198 278 190 2 167 185 480 112 167 8 410 313 232 312 37 494 331 28 222 493 474 7 288 38 448 172 16 372 329 429 327 46 439 20 336 71 369 63 454 290 482 97 387 106 247 49 64 300 269 267 382 102 425 146 417 252 437 25 184 115 466 380 235 329 484 244 214 456 209 122 443 105 406 17 455 1 444 496 174 458 67 59 136 236 447 470 126 242 165 307 145 285 335 1 463 72 451 92 311 43 128 420 463 180 304 383 161 231 331 120 43 27 227 495 212 477 494 247 34 217 357 417 164 233 436 133 132 366 129 305 464 282 86 139 388 215 99 102 81 100 205 384 461 5 460 72 471 257 391 65 442 17 19 231 43 21 191 155 2 368 345 18 287 63 362 474 58 229 291 243 221 199 123 13 150 496 219 422 5 259 141 12 489 7 342 110 30 29 245 134 377 381 202 117 373 76 93 283 6 228 444 487 364 333 197 107 256 3 296 114 88 186 407 116 47 220 268 175 483 211 182 379 354 396 188 374 33 348 183 59 375 421 298 412 238 26 385 329 125 55 432 289 473 352 174 121 250 124 248 347 436 400 310 213 87 467 15 455 308 241 143 457 15 318 430 66 478 389 495 36 344 8 53 167 424 200 340 400 166 119 486 251 420 101 39 140 448 452 220 411 187 173 265 203 367 
! -------------------------------------------------------- 
