! Solving for graph ../../../benchmarks/abp/W-685_bus.mtx.rnd
! Target value is set to 102
! Lower bound is set to 103
! Upper bound is set to 513
! Time limit is set to 1800
! Vertices mode is set to No hole
 ! --------------------------------------------------- CP Optimizer 22.2.0.0 --
 ! Minimization problem - 686 variables, 2993 constraints, 1 phase
 ! Presolve      : 513 extractables eliminated, 1 constraint generated
 ! TimeLimit            = 1800
 ! LogVerbosity         = Terse
 ! Initial process time : 0.13s (0.13s extraction + 0.00s propagation)
 !  . Log search space  : 6175.6 (before), 6175.6 (after)
 !  . Memory usage      : 1.6 MB (before), 1.6 MB (after)
 ! Using parallel search with 8 workers.
 ! ----------------------------------------------------------------------------
 !          Best Branches  Non-fixed    W       Branch decision
                        0        686                 -
 + New bound is 103
                        0        686    1            -
 + New bound is 203
                        0        686    1   F        -
 + New bound is 204
 *           513    10116  4.86s        1      (gap is 60.23%)
 *           512    21318  11.29s       1      (gap is 60.16%)
 *           511    22322  11.38s       1      (gap is 60.08%)
 ! ----------------------------------------------------------------------------
 ! Search terminated by limit, 3 solutions found.
 ! Best objective         : 511 (gap is 60.08%)
 ! Best bound             : 204
 ! ----------------------------------------------------------------------------
 ! Number of branches     : 80758512
 ! Number of fails        : 36025377
 ! Total memory usage     : 258.4 MB (254.0 MB CP Optimizer + 4.4 MB Concert)
 ! Time spent in solve    : 1800.08s (1799.96s engine + 0.13s extraction)
 ! Search speed (br. / s) : 44866.8
 ! ----------------------------------------------------------------------------
! --------------------------------------------------------
! Best span = 511
! Labeling: 103 88 275 1 243 1 418 152 294 262 332 1 355 501 341 17 31 118 46 344 117 232 89 155 48 103 1 227 254 358 269 416 24 107 57 311 72 359 216 247 173 1 64 103 97 172 65 174 185 10 203 495 309 213 473 103 136 362 205 283 507 370 28 14 458 307 360 16 103 409 255 395 1 374 285 1 409 400 492 1 1 339 165 1 307 329 435 372 350 257 103 403 84 413 149 82 337 66 1 104 245 504 150 103 352 205 296 199 183 124 103 217 463 4 327 462 49 103 138 13 405 143 204 114 466 102 103 376 1 499 375 36 396 191 121 1 78 265 1 103 1 70 353 1 330 116 234 1 193 205 1 1 419 205 25 440 166 455 103 351 383 122 103 242 304 103 1 335 260 408 404 453 498 307 452 200 214 365 103 158 280 53 1 1 502 9 76 5 491 1 148 103 1 103 179 103 390 95 205 417 450 445 61 236 131 364 34 308 205 153 307 6 23 1 168 2 487 125 258 476 251 276 27 1 7 55 178 180 38 171 154 1 340 410 126 307 411 181 1 1 225 307 244 446 248 1 1 307 1 461 1 489 215 103 146 103 333 493 103 1 268 319 231 1 41 249 465 307 1 205 186 98 471 187 289 103 218 274 267 392 77 394 206 483 12 75 307 284 272 110 103 60 1 101 63 62 1 1 315 1 123 18 81 1 488 484 19 92 347 1 130 177 1 159 228 387 264 86 52 103 90 162 436 322 1 103 472 207 384 96 338 377 99 415 210 1 205 223 1 297 443 1 103 147 430 42 451 74 169 1 485 431 1 221 456 256 378 1 423 1 37 144 167 448 1 1 151 1 237 334 1 195 442 93 444 399 1 1 385 50 1 361 1 457 263 1 139 271 145 43 219 71 103 426 211 252 67 282 115 103 386 157 201 278 103 68 307 175 317 56 1 20 132 33 434 496 239 458 459 429 437 160 279 369 26 316 58 119 230 222 54 277 379 1 208 412 103 3 474 196 490 303 30 103 460 39 103 1 407 106 346 246 245 100 129 205 91 326 103 318 508 1 506 1 220 112 281 328 1 79 205 298 494 511 503 1 59 29 482 409 391 505 427 44 73 393 371 349 1 1 382 266 323 345 94 343 32 182 111 486 389 205 409 133 205 497 134 120 321 428 161 1 293 156 103 433 409 373 310 47 103 238 414 103 40 401 331 1 176 475 103 357 21 479 192 233 312 109 240 500 287 45 170 438 103 480 105 35 510 380 270 261 189 282 290 306 255 363 1 1 406 1 1 163 1 103 348 1 295 108 402 103 1 127 286 299 235 135 224 188 454 212 140 190 205 467 202 477 368 300 354 336 103 470 273 259 113 1 324 85 194 1 103 8 80 137 424 205 441 1 397 1 468 1 205 1 1 325 388 1 1 1 305 366 184 1 478 447 417 1 250 226 421 229 422 314 83 288 1 22 292 420 11 509 241 1 425 291 141 103 197 205 69 313 464 205 128 1 142 449 1 381 481 367 198 432 164 301 87 356 205 302 51 253 342 469 209 205 15 320 103 1 398 307 439 
! -------------------------------------------------------- 
