! Solving for graph ../../../benchmarks/abp/U-662_bus.mtx.rnd
! Target value is set to 110
! Lower bound is set to 111
! Upper bound is set to 331
! Time limit is set to 1800
! Vertices mode is set to No hole
 ! --------------------------------------------------- CP Optimizer 22.2.0.0 --
 ! Minimization problem - 663 variables, 2230 constraints, 1 phase
 ! Presolve      : 331 extractables eliminated, 1 constraint generated
 ! TimeLimit            = 1800
 ! LogVerbosity         = Terse
 ! Initial process time : 0.06s (0.06s extraction + 0.00s propagation)
 !  . Log search space  : 5549.2 (before), 5549.2 (after)
 !  . Memory usage      : 1.3 MB (before), 1.3 MB (after)
 ! Using parallel search with 8 workers.
 ! ----------------------------------------------------------------------------
 !          Best Branches  Non-fixed    W       Branch decision
                        0        663                 -
 + New bound is 111
                        0        663    1   F        -
 + New bound is 220
 *           331     6709  0.67s        8      (gap is 33.53%)
             331     179k         16    1   F        -
 + New bound is 222 (gap is 32.93%)
             331     163k        651    7   F   112 != _int605
 + New bound is 224 (gap is 32.33%)
             331     276k        662    7            -
 + New bound is 331 (gap is 0.00%)
 ! ----------------------------------------------------------------------------
 ! Search completed, 1 solution found.
 ! Best objective         : 331 (optimal - effective tol. is 0)
 ! Best bound             : 331
 ! ----------------------------------------------------------------------------
 ! Number of branches     : 2450300
 ! Number of fails        : 969946
 ! Total memory usage     : 110.3 MB (107.4 MB CP Optimizer + 2.9 MB Concert)
 ! Time spent in solve    : 26.38s (26.33s engine + 0.06s extraction)
 ! Search speed (br. / s) : 93096.5
 ! ----------------------------------------------------------------------------
! --------------------------------------------------------
! Best span = 331
! Labeling: 1 111 32 72 38 67 39 143 111 209 221 217 1 1 111 1 55 1 111 79 146 278 35 273 90 229 316 122 170 111 221 1 207 111 21 135 42 130 111 1 1 315 111 111 235 1 1 203 109 145 251 111 77 97 202 1 1 1 1 1 133 46 45 221 96 1 1 1 111 1 36 221 183 111 321 164 1 211 285 221 64 95 22 111 1 221 265 68 1 111 111 297 221 1 1 34 1 1 169 305 86 111 17 141 1 1 111 221 111 1 1 1 309 123 44 219 1 327 111 88 113 1 221 324 162 1 1 47 331 74 1 221 134 216 221 227 221 276 37 221 1 1 111 1 152 111 1 9 111 190 98 1 111 1 200 111 189 1 140 111 1 1 111 1 26 304 131 29 1 243 70 103 1 111 221 166 221 221 1 1 116 280 186 1 128 293 291 221 1 233 263 148 1 84 221 313 3 1 154 260 314 129 1 4 80 23 247 111 111 264 7 323 230 1 142 111 178 111 221 89 1 1 330 52 111 1 49 173 231 236 199 197 221 320 150 1 185 15 299 1 112 220 1 114 138 277 16 228 238 111 111 1 1 111 157 206 121 1 111 1 1 221 188 111 1 268 1 1 111 1 310 298 111 108 221 149 295 1 221 1 161 1 1 1 1 331 180 1 248 111 111 111 111 176 1 1 58 1 1 127 71 51 107 1 261 1 54 322 111 19 117 8 1 1 111 221 1 73 1 286 111 1 221 1 196 93 111 25 111 111 283 111 244 1 1 111 6 168 1 111 187 101 1 1 1 290 85 20 1 1 275 1 1 14 111 221 1 111 65 257 111 94 221 1 274 111 1 225 1 1 156 312 221 256 252 319 119 240 303 1 111 28 1 111 329 151 288 259 1 1 213 1 13 1 308 184 181 204 172 221 139 311 296 205 221 111 212 82 294 269 1 111 111 171 111 1 106 153 1 63 111 262 1 111 118 124 5 221 284 125 111 30 1 111 1 111 69 111 81 158 111 1 223 111 115 1 279 2 1 111 210 92 111 1 111 215 326 301 111 195 331 120 1 1 31 287 78 249 111 1 221 137 111 1 1 111 222 1 1 282 111 221 111 1 221 83 1 18 1 174 255 50 48 214 41 1 218 126 221 110 1 208 1 253 1 12 182 258 1 61 11 136 1 221 241 179 111 102 1 1 165 246 87 111 10 221 221 1 1 1 1 1 232 60 224 1 111 1 111 254 1 167 294 250 266 147 306 1 242 111 237 191 300 62 271 194 43 272 281 267 1 24 245 226 317 1 160 289 111 1 221 177 104 221 111 325 1 57 111 201 111 100 1 111 1 105 99 221 221 40 111 59 56 75 111 1 111 33 1 111 159 193 111 111 292 111 111 1 111 221 1 221 198 1 1 328 1 1 111 111 318 53 175 221 111 1 239 76 221 155 184 111 1 91 307 144 111 66 111 221 270 234 192 111 111 1 111 111 111 1 132 27 221 111 1 1 1 111 1 163 1 302 
! -------------------------------------------------------- 
