! Solving for graph /home/truongxuanhieu/CPLEX-CP-for-MinSpanLabeling/benchmarks/abp/V-nos6.mtx.rnd
! Target value is set to 164
! Lower bound is set to 165
! Upper bound is set to 337
! Time limit is set to 1800
! Vertices mode is set to No hole
 ! --------------------------------------------------- CP Optimizer 22.2.0.0 --
 ! Minimization problem - 676 variables, 2640 constraints, 1 phase
 ! Presolve      : 337 extractables eliminated, 1 constraint generated
 ! TimeLimit            = 1800
 ! LogVerbosity         = Terse
 ! Initial process time : 0.06s (0.06s extraction + 0.00s propagation)
 !  . Log search space  : 5670.5 (before), 5670.5 (after)
 !  . Memory usage      : 1.4 MB (before), 1.4 MB (after)
 ! Using parallel search with 8 workers.
 ! ----------------------------------------------------------------------------
 !          Best Branches  Non-fixed    W       Branch decision
                        0        676                 -
 + New bound is 165
                        0        676    1   F        -
 + New bound is 327
                        0        676    1   F        -
 + New bound is 328
 *           337    2640k  816.36s      2      (gap is 2.67%)
 *           336    2657k  820.99s      4      (gap is 2.38%)
 *           335    2661k  821.88s      4      (gap is 2.09%)
 *           334    2661k  821.88s      4      (gap is 1.80%)
 *           333    2665k  822.64s      4      (gap is 1.50%)
 *           332    2677k  824.30s      4      (gap is 1.20%)
 *           331    2824k  835.98s      7      (gap is 0.91%)
 *           330    2974k  861.52s      1      (gap is 0.61%)
 *           329    2986k  863.15s      1      (gap is 0.30%)
 ! ----------------------------------------------------------------------------
 ! Search terminated by limit, 9 solutions found.
 ! Best objective         : 329 (gap is 0.30%)
 ! Best bound             : 328
 ! ----------------------------------------------------------------------------
 ! Number of branches     : 34945666
 ! Number of fails        : 11996097
 ! Total memory usage     : 205.6 MB (202.4 MB CP Optimizer + 3.2 MB Concert)
 ! Time spent in solve    : 1800.07s (1800.01s engine + 0.06s extraction)
 ! Search speed (br. / s) : 19414.2
 ! ----------------------------------------------------------------------------
! --------------------------------------------------------
! Best span = 329
! Labeling: 165 312 233 18 1 113 165 1 1 172 165 1 179 158 32 35 320 1 76 329 36 165 321 165 329 1 1 162 1 165 258 329 1 1 1 329 12 64 174 168 274 165 262 324 219 1 119 329 1 325 278 329 1 165 135 315 180 329 107 134 43 200 165 278 329 108 129 88 121 1 329 268 1 37 155 1 1 29 140 1 329 165 165 37 1 160 165 165 165 247 329 186 249 329 131 1 329 1 253 329 90 67 326 266 241 284 316 167 1 1 35 203 329 296 329 109 218 231 116 57 175 1 165 165 8 329 182 44 127 165 329 329 2 183 52 110 1 329 329 170 165 1 1 230 73 1 260 1 165 307 165 1 77 1 165 252 187 288 1 194 93 165 165 1 210 1 1 329 306 150 166 165 329 62 1 329 1 94 1 329 222 165 167 117 1 3 100 165 329 86 284 165 157 1 115 10 56 292 329 1 301 74 269 97 13 165 149 106 156 204 1 72 165 173 41 329 283 1 166 1 205 257 257 237 329 27 165 6 1 271 1 1 264 145 239 1 146 329 79 309 329 329 294 329 96 105 26 165 1 289 61 235 1 329 80 246 191 287 33 329 98 329 48 328 165 4 1 329 256 329 165 120 148 196 69 1 199 263 185 1 84 165 165 1 5 30 1 49 220 71 329 21 329 248 290 46 108 1 118 165 329 1 70 201 139 1 229 313 165 328 1 323 203 209 245 169 171 303 308 328 132 9 177 318 299 99 328 250 281 329 1 329 102 165 285 329 274 329 165 198 302 14 329 63 329 165 329 329 165 329 1 207 243 228 1 1 81 1 329 329 167 165 248 296 285 329 329 1 232 16 1 66 142 1 329 91 234 165 329 195 329 3 279 294 1 267 2 329 55 165 261 329 217 176 40 1 165 329 329 165 154 1 314 82 136 316 7 165 240 329 1 329 270 329 42 165 1 60 329 165 165 280 53 1 122 58 193 329 39 1 1 165 329 254 113 329 92 282 329 137 313 1 123 288 85 128 1 329 1 208 291 227 165 59 329 1 1 329 329 1 1 133 1 161 165 126 125 165 28 221 311 329 1 4 276 1 238 14 138 329 89 1 265 224 293 297 211 165 178 310 1 51 87 33 1 1 310 147 1 301 1 184 1 165 124 104 25 329 23 329 34 1 265 304 1 329 329 319 275 165 310 329 143 216 329 1 1 202 165 141 1 114 1 165 165 189 1 272 1 165 165 1 329 65 190 165 22 112 327 329 47 206 1 244 83 320 317 1 303 165 255 166 300 328 329 165 1 165 1 151 163 327 181 54 329 288 329 165 166 329 305 165 322 295 15 188 215 159 246 205 259 1 214 130 329 1 212 153 134 1 1 329 319 197 75 329 277 1 124 242 273 165 251 289 1 31 152 329 329 165 165 286 165 1 1 329 1 192 50 165 320 78 70 17 103 226 165 329 1 19 4 164 165 112 213 225 101 95 223 45 1 267 38 165 1 11 268 329 298 1 20 165 1 144 30 24 236 329 111 328 68 1 329 280 329 
! -------------------------------------------------------- 
