! Solving for graph /home/truongxuanhieu/CPLEX-CP-for-MinSpanLabeling/benchmarks/abp/V-nos6.mtx.rnd
! Target value is set to 493
! Lower bound is set to 494
! Upper bound is set to 1013
! Time limit is set to 1800
! Vertices mode is set to Has hole
 ! --------------------------------------------------- CP Optimizer 22.2.0.0 --
 ! Minimization problem - 676 variables, 1966 constraints, 1 phase
 ! TimeLimit            = 1800
 ! LogVerbosity         = Terse
 ! Initial process time : 0.01s (0.01s extraction + 0.00s propagation)
 !  . Log search space  : 6743.8 (before), 6743.8 (after)
 !  . Memory usage      : 1.0 MB (before), 1.0 MB (after)
 ! Using parallel search with 8 workers.
 ! ----------------------------------------------------------------------------
 !          Best Branches  Non-fixed    W       Branch decision
                        0        676                 -
 + New bound is 494
 *           494        1  0.18s        1      (gap is 0.00%)
 ! ----------------------------------------------------------------------------
 ! Search completed, 1 solution found.
 ! Best objective         : 494 (optimal - effective tol. is 0)
 ! Best bound             : 494
 ! ----------------------------------------------------------------------------
 ! Number of branches     : 4009
 ! Number of fails        : 361
 ! Total memory usage     : 71.7 MB (70.9 MB CP Optimizer + 0.8 MB Concert)
 ! Time spent in solve    : 0.18s (0.18s engine + 0.01s extraction)
 ! Search speed (br. / s) : 23582.4
 ! ----------------------------------------------------------------------------
! --------------------------------------------------------
! Best span = 494
! Labeling: 1 1 1 494 1 494 494 1 1 494 494 1 494 494 494 1 494 1 494 1 1 494 1 494 1 1 494 494 1 494 1 1 494 494 494 1 494 1 1 494 1 494 1 494 1 1 494 1 1 494 1 1 1 494 494 494 494 1 494 494 1 494 494 1 1 494 494 494 494 1 1 1 1 494 494 1 1 1 494 1 1 494 494 494 1 494 494 494 494 1 1 1 494 1 494 494 1 1 1 1 494 1 1 1 1 1 1 494 1 1 1 1 1 1 1 494 1 494 494 494 494 1 494 494 1 1 1 494 494 494 1 1 1 494 1 494 494 1 1 494 494 1 1 494 494 494 1 1 494 1 494 1 494 1 494 494 1 1 1 494 494 494 494 494 1 1 494 1 1 494 494 494 1 494 494 1 1 1 1 1 1 494 494 494 1 494 494 494 1 494 494 494 494 1 494 494 494 1 1 1 494 494 494 494 1 494 494 494 494 494 494 494 494 494 494 1 1 1 494 1 1 494 494 1 1 494 494 494 1 1 1 494 494 494 494 1 494 1 494 1 1 1 1 1 494 1 1 494 494 1 494 494 1 1 1 1 1 1 1 1 494 1 494 1 494 1 1 1 1 1 494 494 494 1 494 1 1 1 494 494 1 494 494 1 494 494 494 494 494 1 1 494 1 494 1 494 494 494 494 494 1 1 494 1 494 494 494 1 494 1 1 1 494 1 1 494 494 494 494 1 494 494 494 1 1 494 1 494 1 1 1 1 494 494 1 1 1 1 494 494 1 494 1 1 1 494 1 1 494 1 494 1 1 494 494 1 1 1 1 1 494 494 1 1 1 494 1 1 494 494 1 494 494 1 1 1 1 494 1 1 1 1 494 1 1 1 1 1 494 494 1 1 1 494 494 494 494 1 1 494 494 1 1 494 1 1 494 494 494 1 494 1 1 1 494 494 1 494 1 494 494 1 1 1 494 494 1 1 494 1 1 494 1 1 494 1 1 1 1 494 1 494 494 1 1 494 1 1 494 494 1 494 494 494 1 1 1 1 1 494 1 494 494 494 494 494 494 494 494 1 494 1 1 1 1 1 1 494 494 1 494 494 1 1 1 494 1 494 494 1 1 494 494 494 1 1 1 494 1 1 494 494 1 494 494 494 494 1 494 1 494 494 494 1 1 1 1 1 494 494 1 1 494 494 1 494 1 494 494 494 1 494 494 494 494 494 494 494 1 494 494 1 1 494 494 494 494 494 1 1 494 494 1 1 1 1 1 494 1 494 1 494 1 494 1 494 494 494 1 494 494 1 494 494 1 1 1 494 494 1 1 494 1 1 494 494 1 494 1 1 1 1 1 494 1 1 494 494 494 494 1 1 1 1 494 494 494 494 494 1 1 494 494 1 1 494 494 1 1 494 494 1 494 1 1 1 494 494 494 494 1 494 494 494 1 1 494 1 494 494 494 494 494 494 1 1 494 494 494 1 494 494 494 494 1 1 494 1 1 494 494 494 1 494 494 494 1 1 494 1 494 1 1 1 1 
! -------------------------------------------------------- 
